2
900 300
500.0 10000 0.2
171 166
172 166
173 166
174 166
175 166
176 166
177 166
178 166
179 166
180 166
181 166
182 166
183 166
184 166
185 166
186 166
187 166
188 166
189 166
190 166
191 166
192 166
193 166
194 166
195 166
196 166
197 166
198 166
199 166
200 166
201 166
202 166
203 166
204 166
205 166
206 166
207 166
208 166
209 166
210 166
211 166
212 166
213 166
214 166
215 166
216 166
217 166
218 166
219 166
220 166
221 166
222 166
223 166
224 166
225 166
226 166
227 166
228 166
229 166
230 166
231 166
232 166
233 166
234 166
235 166
236 166
237 166
238 166
239 166
240 166
241 166
242 166
243 166
244 166
245 166
246 166
247 166
248 166
249 166
250 166
251 166
252 166
253 166
254 166
255 166
256 166
257 166
258 166
259 166
260 166
261 166
262 166
263 166
264 166
265 166
266 166
267 166
268 166
269 166
270 166
271 166
272 166
273 166
274 166
275 166
276 166
277 166
278 166
279 166
280 166
281 166
282 166
283 166
284 166
285 166
286 166
287 166
288 166
289 166
290 166
291 166
136 165
137 165
138 165
139 165
140 165
141 165
142 165
143 165
144 165
145 165
146 165
147 165
148 165
149 165
150 165
151 165
152 165
153 165
154 165
155 165
156 165
157 165
158 165
159 165
160 165
161 165
162 165
163 165
164 165
165 165
166 165
167 165
168 165
169 165
170 165
171 165
172 165
173 165
174 165
175 165
176 165
177 165
178 165
179 165
180 165
181 165
182 165
183 165
184 165
185 165
186 165
187 165
188 165
189 165
190 165
191 165
192 165
193 165
194 165
195 165
196 165
197 165
198 165
199 165
200 165
201 165
202 165
203 165
204 165
205 165
206 165
207 165
208 165
209 165
210 165
211 165
212 165
213 165
214 165
215 165
216 165
217 165
218 165
219 165
220 165
221 165
222 165
223 165
224 165
225 165
226 165
227 165
228 165
229 165
230 165
231 165
232 165
233 165
234 165
235 165
236 165
237 165
238 165
239 165
240 165
241 165
242 165
243 165
244 165
245 165
246 165
247 165
248 165
249 165
250 165
251 165
252 165
253 165
254 165
255 165
256 165
257 165
258 165
259 165
260 165
261 165
262 165
263 165
264 165
265 165
266 165
267 165
268 165
269 165
270 165
271 165
272 165
273 165
274 165
275 165
276 165
277 165
278 165
279 165
280 165
281 165
282 165
283 165
284 165
285 165
286 165
287 165
115 164
116 164
117 164
118 164
119 164
120 164
121 164
122 164
123 164
124 164
125 164
126 164
127 164
128 164
129 164
130 164
131 164
132 164
133 164
134 164
135 164
136 164
137 164
138 164
139 164
140 164
141 164
142 164
143 164
144 164
145 164
146 164
147 164
148 164
149 164
150 164
151 164
152 164
153 164
154 164
155 164
156 164
157 164
158 164
159 164
160 164
161 164
162 164
163 164
164 164
165 164
166 164
167 164
168 164
169 164
170 164
171 164
172 164
173 164
174 164
175 164
176 164
177 164
178 164
179 164
180 164
181 164
182 164
183 164
184 164
185 164
186 164
187 164
188 164
189 164
190 164
191 164
192 164
193 164
194 164
195 164
196 164
197 164
198 164
199 164
200 164
201 164
202 164
203 164
204 164
205 164
206 164
207 164
208 164
209 164
210 164
211 164
212 164
213 164
214 164
215 164
216 164
217 164
218 164
219 164
220 164
221 164
222 164
223 164
224 164
225 164
226 164
227 164
228 164
229 164
230 164
231 164
232 164
233 164
234 164
235 164
236 164
237 164
238 164
239 164
240 164
241 164
242 164
243 164
244 164
245 164
246 164
247 164
248 164
249 164
250 164
251 164
252 164
253 164
254 164
255 164
256 164
257 164
258 164
259 164
260 164
261 164
262 164
263 164
264 164
265 164
266 164
267 164
268 164
269 164
270 164
271 164
272 164
273 164
274 164
275 164
276 164
277 164
278 164
279 164
280 164
281 164
282 164
283 164
284 164
100 163
101 163
102 163
103 163
104 163
105 163
106 163
107 163
108 163
109 163
110 163
111 163
112 163
113 163
114 163
115 163
116 163
117 163
118 163
119 163
120 163
121 163
122 163
123 163
124 163
125 163
126 163
127 163
128 163
129 163
130 163
131 163
132 163
133 163
134 163
135 163
136 163
137 163
138 163
139 163
140 163
141 163
142 163
143 163
144 163
145 163
146 163
147 163
148 163
149 163
150 163
151 163
152 163
153 163
154 163
155 163
156 163
157 163
158 163
159 163
160 163
161 163
162 163
163 163
164 163
165 163
166 163
167 163
168 163
169 163
170 163
171 163
172 163
173 163
174 163
175 163
176 163
177 163
178 163
179 163
180 163
181 163
182 163
183 163
184 163
185 163
186 163
187 163
188 163
189 163
190 163
191 163
192 163
193 163
194 163
195 163
196 163
197 163
198 163
199 163
200 163
201 163
202 163
203 163
204 163
205 163
206 163
207 163
208 163
209 163
210 163
211 163
212 163
213 163
214 163
215 163
216 163
217 163
218 163
219 163
220 163
221 163
222 163
223 163
224 163
225 163
226 163
227 163
228 163
229 163
230 163
231 163
232 163
233 163
234 163
235 163
236 163
237 163
238 163
239 163
240 163
241 163
242 163
243 163
244 163
245 163
246 163
247 163
248 163
249 163
250 163
251 163
252 163
253 163
254 163
255 163
256 163
257 163
258 163
259 163
260 163
261 163
262 163
263 163
264 163
265 163
266 163
267 163
268 163
269 163
270 163
271 163
272 163
273 163
274 163
275 163
276 163
277 163
278 163
279 163
280 163
281 163
89 162
90 162
91 162
92 162
93 162
94 162
95 162
96 162
97 162
98 162
99 162
100 162
101 162
102 162
103 162
104 162
105 162
106 162
107 162
108 162
109 162
110 162
111 162
112 162
113 162
114 162
115 162
116 162
117 162
118 162
119 162
120 162
121 162
122 162
123 162
124 162
125 162
126 162
127 162
128 162
129 162
130 162
131 162
132 162
133 162
134 162
135 162
136 162
137 162
138 162
139 162
140 162
141 162
142 162
143 162
144 162
145 162
146 162
147 162
148 162
149 162
150 162
151 162
152 162
153 162
154 162
155 162
156 162
157 162
158 162
159 162
160 162
161 162
162 162
163 162
164 162
165 162
166 162
167 162
168 162
169 162
170 162
171 162
172 162
173 162
174 162
175 162
176 162
177 162
178 162
179 162
180 162
181 162
182 162
183 162
184 162
185 162
186 162
187 162
188 162
189 162
190 162
191 162
192 162
193 162
194 162
195 162
196 162
197 162
198 162
199 162
200 162
201 162
202 162
203 162
204 162
205 162
206 162
207 162
208 162
209 162
210 162
211 162
212 162
213 162
214 162
215 162
216 162
217 162
218 162
219 162
220 162
221 162
222 162
223 162
224 162
225 162
226 162
227 162
228 162
229 162
230 162
231 162
232 162
233 162
234 162
235 162
236 162
237 162
238 162
239 162
240 162
241 162
242 162
243 162
244 162
245 162
246 162
247 162
248 162
249 162
250 162
251 162
252 162
253 162
254 162
255 162
256 162
257 162
258 162
259 162
260 162
261 162
262 162
263 162
264 162
265 162
266 162
267 162
268 162
269 162
270 162
271 162
272 162
273 162
274 162
275 162
276 162
277 162
81 161
82 161
83 161
84 161
85 161
86 161
87 161
88 161
89 161
90 161
91 161
92 161
93 161
94 161
95 161
96 161
97 161
98 161
99 161
100 161
101 161
102 161
103 161
104 161
105 161
106 161
107 161
108 161
109 161
110 161
111 161
112 161
113 161
114 161
115 161
116 161
117 161
118 161
119 161
120 161
121 161
122 161
123 161
124 161
125 161
126 161
127 161
128 161
129 161
130 161
131 161
132 161
133 161
134 161
135 161
136 161
137 161
138 161
139 161
140 161
141 161
142 161
143 161
144 161
145 161
146 161
147 161
148 161
149 161
150 161
151 161
152 161
153 161
154 161
155 161
156 161
157 161
158 161
159 161
160 161
161 161
162 161
163 161
164 161
165 161
166 161
167 161
168 161
169 161
170 161
171 161
172 161
173 161
174 161
175 161
176 161
177 161
178 161
179 161
180 161
181 161
182 161
183 161
184 161
185 161
186 161
187 161
188 161
189 161
190 161
191 161
192 161
193 161
194 161
195 161
196 161
197 161
198 161
199 161
200 161
201 161
202 161
203 161
204 161
205 161
206 161
207 161
208 161
209 161
210 161
211 161
212 161
213 161
214 161
215 161
216 161
217 161
218 161
219 161
220 161
221 161
222 161
223 161
224 161
225 161
226 161
227 161
228 161
229 161
230 161
231 161
232 161
233 161
234 161
235 161
236 161
237 161
238 161
239 161
240 161
241 161
242 161
243 161
244 161
245 161
246 161
247 161
248 161
249 161
250 161
251 161
252 161
253 161
254 161
255 161
256 161
257 161
258 161
259 161
260 161
261 161
262 161
263 161
264 161
265 161
266 161
267 161
268 161
269 161
270 161
271 161
272 161
273 161
274 161
74 160
75 160
76 160
77 160
78 160
79 160
80 160
81 160
82 160
83 160
84 160
85 160
86 160
87 160
88 160
89 160
90 160
91 160
92 160
93 160
94 160
95 160
96 160
97 160
98 160
99 160
100 160
101 160
102 160
103 160
104 160
105 160
106 160
107 160
108 160
109 160
110 160
111 160
112 160
113 160
114 160
115 160
116 160
117 160
118 160
119 160
120 160
121 160
122 160
123 160
124 160
125 160
126 160
127 160
128 160
129 160
130 160
131 160
132 160
133 160
134 160
135 160
136 160
137 160
138 160
139 160
140 160
141 160
142 160
143 160
144 160
145 160
146 160
147 160
148 160
149 160
150 160
151 160
152 160
153 160
154 160
155 160
156 160
157 160
158 160
159 160
160 160
161 160
162 160
163 160
164 160
165 160
166 160
167 160
168 160
169 160
170 160
171 160
172 160
173 160
174 160
175 160
176 160
177 160
178 160
179 160
180 160
181 160
182 160
183 160
184 160
185 160
186 160
187 160
188 160
189 160
190 160
191 160
192 160
193 160
194 160
195 160
196 160
197 160
198 160
199 160
200 160
201 160
202 160
203 160
204 160
205 160
206 160
207 160
208 160
209 160
210 160
211 160
212 160
213 160
214 160
215 160
216 160
217 160
218 160
219 160
220 160
221 160
222 160
223 160
224 160
225 160
226 160
227 160
228 160
229 160
230 160
231 160
232 160
233 160
234 160
235 160
236 160
237 160
238 160
239 160
240 160
241 160
242 160
243 160
244 160
245 160
246 160
247 160
248 160
249 160
250 160
251 160
252 160
253 160
254 160
255 160
256 160
257 160
258 160
259 160
260 160
261 160
262 160
263 160
264 160
265 160
266 160
267 160
268 160
269 160
270 160
69 159
70 159
71 159
72 159
73 159
74 159
75 159
76 159
77 159
78 159
79 159
80 159
81 159
82 159
83 159
84 159
85 159
86 159
87 159
88 159
89 159
90 159
91 159
92 159
93 159
94 159
95 159
96 159
97 159
98 159
99 159
100 159
101 159
102 159
103 159
104 159
105 159
106 159
107 159
108 159
109 159
110 159
111 159
112 159
113 159
114 159
115 159
116 159
117 159
118 159
119 159
120 159
121 159
122 159
123 159
124 159
125 159
126 159
127 159
128 159
129 159
130 159
131 159
132 159
133 159
134 159
135 159
136 159
137 159
138 159
139 159
140 159
141 159
142 159
143 159
144 159
145 159
146 159
147 159
148 159
149 159
150 159
151 159
152 159
153 159
154 159
155 159
156 159
157 159
158 159
159 159
160 159
161 159
162 159
163 159
164 159
165 159
166 159
167 159
168 159
169 159
170 159
171 159
172 159
173 159
174 159
175 159
176 159
177 159
178 159
179 159
180 159
181 159
182 159
183 159
184 159
185 159
186 159
187 159
188 159
189 159
190 159
191 159
192 159
193 159
194 159
195 159
196 159
197 159
198 159
199 159
200 159
201 159
202 159
203 159
204 159
205 159
206 159
207 159
208 159
209 159
210 159
211 159
212 159
213 159
214 159
215 159
216 159
217 159
218 159
219 159
220 159
221 159
222 159
223 159
224 159
225 159
226 159
227 159
228 159
229 159
230 159
231 159
232 159
233 159
234 159
235 159
236 159
237 159
238 159
239 159
240 159
241 159
242 159
243 159
244 159
245 159
246 159
247 159
248 159
249 159
250 159
251 159
252 159
253 159
254 159
255 159
256 159
257 159
258 159
259 159
260 159
261 159
262 159
263 159
264 159
265 159
266 159
267 159
65 158
66 158
67 158
68 158
69 158
70 158
71 158
72 158
73 158
74 158
75 158
76 158
77 158
78 158
79 158
80 158
81 158
82 158
83 158
84 158
85 158
86 158
87 158
88 158
89 158
90 158
91 158
92 158
93 158
94 158
95 158
96 158
97 158
98 158
99 158
100 158
101 158
102 158
103 158
104 158
105 158
106 158
107 158
108 158
109 158
110 158
111 158
112 158
113 158
114 158
115 158
116 158
117 158
118 158
119 158
120 158
121 158
122 158
123 158
124 158
125 158
126 158
127 158
128 158
129 158
130 158
131 158
132 158
133 158
134 158
135 158
136 158
137 158
138 158
139 158
140 158
141 158
142 158
143 158
144 158
145 158
146 158
147 158
148 158
149 158
150 158
151 158
152 158
153 158
154 158
155 158
156 158
157 158
158 158
159 158
160 158
161 158
162 158
163 158
164 158
165 158
166 158
167 158
168 158
169 158
170 158
171 158
172 158
173 158
174 158
175 158
176 158
177 158
178 158
179 158
180 158
181 158
182 158
183 158
184 158
185 158
186 158
187 158
188 158
189 158
190 158
191 158
192 158
193 158
194 158
195 158
196 158
197 158
198 158
199 158
200 158
201 158
202 158
203 158
204 158
205 158
206 158
207 158
208 158
209 158
210 158
211 158
212 158
213 158
214 158
215 158
216 158
217 158
218 158
219 158
220 158
221 158
222 158
223 158
224 158
225 158
226 158
227 158
228 158
229 158
230 158
231 158
232 158
233 158
234 158
235 158
236 158
237 158
238 158
239 158
240 158
241 158
242 158
243 158
244 158
245 158
246 158
247 158
248 158
249 158
250 158
251 158
252 158
253 158
254 158
255 158
256 158
257 158
258 158
259 158
260 158
261 158
262 158
263 158
61 157
62 157
63 157
64 157
65 157
66 157
67 157
68 157
69 157
70 157
71 157
72 157
73 157
74 157
75 157
76 157
77 157
78 157
79 157
80 157
81 157
82 157
83 157
84 157
85 157
86 157
87 157
88 157
89 157
90 157
91 157
92 157
93 157
94 157
95 157
96 157
97 157
98 157
99 157
100 157
101 157
102 157
103 157
104 157
105 157
106 157
107 157
108 157
109 157
110 157
111 157
112 157
113 157
114 157
115 157
116 157
117 157
118 157
119 157
120 157
121 157
122 157
123 157
124 157
125 157
126 157
127 157
128 157
129 157
130 157
131 157
132 157
133 157
134 157
135 157
136 157
137 157
138 157
139 157
140 157
141 157
142 157
143 157
144 157
145 157
146 157
147 157
148 157
149 157
150 157
151 157
152 157
153 157
154 157
155 157
156 157
157 157
158 157
159 157
160 157
161 157
162 157
163 157
164 157
165 157
166 157
167 157
168 157
169 157
170 157
171 157
172 157
173 157
174 157
175 157
176 157
177 157
178 157
179 157
180 157
181 157
182 157
183 157
184 157
185 157
186 157
187 157
188 157
189 157
190 157
191 157
192 157
193 157
194 157
195 157
196 157
197 157
198 157
199 157
200 157
201 157
202 157
203 157
204 157
205 157
206 157
207 157
208 157
209 157
210 157
211 157
212 157
213 157
214 157
215 157
216 157
217 157
218 157
219 157
220 157
221 157
222 157
223 157
224 157
225 157
226 157
227 157
228 157
229 157
230 157
231 157
232 157
233 157
234 157
235 157
236 157
237 157
238 157
239 157
240 157
241 157
242 157
243 157
244 157
245 157
246 157
247 157
248 157
249 157
250 157
251 157
252 157
253 157
254 157
255 157
256 157
257 157
258 157
259 157
59 156
60 156
61 156
62 156
63 156
64 156
65 156
66 156
67 156
68 156
69 156
70 156
71 156
72 156
73 156
74 156
75 156
76 156
77 156
78 156
79 156
80 156
81 156
82 156
83 156
84 156
85 156
86 156
87 156
88 156
89 156
90 156
91 156
92 156
93 156
94 156
95 156
96 156
97 156
98 156
99 156
100 156
101 156
102 156
103 156
104 156
105 156
106 156
107 156
108 156
109 156
110 156
111 156
112 156
113 156
114 156
115 156
116 156
117 156
118 156
119 156
120 156
121 156
122 156
123 156
124 156
125 156
126 156
127 156
128 156
129 156
130 156
131 156
132 156
133 156
134 156
135 156
136 156
137 156
138 156
139 156
140 156
141 156
142 156
143 156
144 156
145 156
146 156
147 156
148 156
149 156
150 156
151 156
152 156
153 156
154 156
155 156
156 156
157 156
158 156
159 156
160 156
161 156
162 156
163 156
164 156
165 156
166 156
167 156
168 156
169 156
170 156
171 156
172 156
173 156
174 156
175 156
176 156
177 156
178 156
179 156
180 156
181 156
182 156
183 156
184 156
185 156
186 156
187 156
188 156
189 156
190 156
191 156
192 156
193 156
194 156
195 156
196 156
197 156
198 156
199 156
200 156
201 156
202 156
203 156
204 156
205 156
206 156
207 156
208 156
209 156
210 156
211 156
212 156
213 156
214 156
215 156
216 156
217 156
218 156
219 156
220 156
221 156
222 156
223 156
224 156
225 156
226 156
227 156
228 156
229 156
230 156
231 156
232 156
233 156
234 156
235 156
236 156
237 156
238 156
239 156
240 156
241 156
242 156
243 156
244 156
245 156
246 156
247 156
248 156
249 156
250 156
251 156
252 156
253 156
254 156
255 156
56 155
57 155
58 155
59 155
60 155
61 155
62 155
63 155
64 155
65 155
66 155
67 155
68 155
69 155
70 155
71 155
72 155
73 155
74 155
75 155
76 155
77 155
78 155
79 155
80 155
81 155
82 155
83 155
84 155
85 155
86 155
87 155
88 155
89 155
90 155
91 155
92 155
93 155
94 155
95 155
96 155
97 155
98 155
99 155
100 155
101 155
102 155
103 155
104 155
105 155
106 155
107 155
108 155
109 155
110 155
111 155
112 155
113 155
114 155
115 155
116 155
117 155
118 155
119 155
120 155
121 155
122 155
123 155
124 155
125 155
126 155
127 155
128 155
129 155
130 155
131 155
132 155
133 155
134 155
135 155
136 155
137 155
138 155
139 155
140 155
141 155
142 155
143 155
144 155
145 155
146 155
147 155
148 155
149 155
150 155
151 155
152 155
153 155
154 155
155 155
156 155
157 155
158 155
159 155
160 155
161 155
162 155
163 155
164 155
165 155
166 155
167 155
168 155
169 155
170 155
171 155
172 155
173 155
174 155
175 155
176 155
177 155
178 155
179 155
180 155
181 155
182 155
183 155
184 155
185 155
186 155
187 155
188 155
189 155
190 155
191 155
192 155
193 155
194 155
195 155
196 155
197 155
198 155
199 155
200 155
201 155
202 155
203 155
204 155
205 155
206 155
207 155
208 155
209 155
210 155
211 155
212 155
213 155
214 155
215 155
216 155
217 155
218 155
219 155
220 155
221 155
222 155
223 155
224 155
225 155
226 155
227 155
228 155
229 155
230 155
231 155
232 155
233 155
234 155
235 155
236 155
237 155
238 155
239 155
240 155
241 155
242 155
243 155
244 155
245 155
246 155
247 155
248 155
249 155
250 155
251 155
252 155
54 154
55 154
56 154
57 154
58 154
59 154
60 154
61 154
62 154
63 154
64 154
65 154
66 154
67 154
68 154
69 154
70 154
71 154
72 154
73 154
74 154
75 154
76 154
77 154
78 154
79 154
80 154
81 154
82 154
83 154
84 154
85 154
86 154
87 154
88 154
89 154
90 154
91 154
92 154
93 154
94 154
95 154
96 154
97 154
98 154
99 154
100 154
101 154
102 154
103 154
104 154
105 154
106 154
107 154
108 154
109 154
110 154
111 154
112 154
113 154
114 154
115 154
116 154
117 154
118 154
119 154
120 154
121 154
122 154
123 154
124 154
125 154
126 154
127 154
128 154
129 154
130 154
131 154
132 154
133 154
134 154
135 154
136 154
137 154
138 154
139 154
140 154
141 154
142 154
143 154
144 154
145 154
146 154
147 154
148 154
149 154
150 154
151 154
152 154
153 154
154 154
155 154
156 154
157 154
158 154
159 154
160 154
161 154
162 154
163 154
164 154
165 154
166 154
167 154
168 154
169 154
170 154
171 154
172 154
173 154
174 154
175 154
176 154
177 154
178 154
179 154
180 154
181 154
182 154
183 154
184 154
185 154
186 154
187 154
188 154
189 154
190 154
191 154
192 154
193 154
194 154
195 154
196 154
197 154
198 154
199 154
200 154
201 154
202 154
203 154
204 154
205 154
206 154
207 154
208 154
209 154
210 154
211 154
212 154
213 154
214 154
215 154
216 154
217 154
218 154
219 154
220 154
221 154
222 154
223 154
224 154
225 154
226 154
227 154
228 154
229 154
230 154
231 154
232 154
233 154
234 154
235 154
236 154
237 154
238 154
239 154
240 154
241 154
242 154
243 154
244 154
245 154
246 154
247 154
248 154
53 153
54 153
55 153
56 153
57 153
58 153
59 153
60 153
61 153
62 153
63 153
64 153
65 153
66 153
67 153
68 153
69 153
70 153
71 153
72 153
73 153
74 153
75 153
76 153
77 153
78 153
79 153
80 153
81 153
82 153
83 153
84 153
85 153
86 153
87 153
88 153
89 153
90 153
91 153
92 153
93 153
94 153
95 153
96 153
97 153
98 153
99 153
100 153
101 153
102 153
103 153
104 153
105 153
106 153
107 153
108 153
109 153
110 153
111 153
112 153
113 153
114 153
115 153
116 153
117 153
118 153
119 153
120 153
121 153
122 153
123 153
124 153
125 153
126 153
127 153
128 153
129 153
130 153
131 153
132 153
133 153
134 153
135 153
136 153
137 153
138 153
139 153
140 153
141 153
142 153
143 153
144 153
145 153
146 153
147 153
148 153
149 153
150 153
151 153
152 153
153 153
154 153
155 153
156 153
157 153
158 153
159 153
160 153
161 153
162 153
163 153
164 153
165 153
166 153
167 153
168 153
169 153
170 153
171 153
172 153
173 153
174 153
175 153
176 153
177 153
178 153
179 153
180 153
181 153
182 153
183 153
184 153
185 153
186 153
187 153
188 153
189 153
190 153
191 153
192 153
193 153
194 153
195 153
196 153
197 153
198 153
199 153
200 153
201 153
202 153
203 153
204 153
205 153
206 153
207 153
208 153
209 153
210 153
211 153
212 153
213 153
214 153
215 153
216 153
217 153
218 153
219 153
220 153
221 153
222 153
223 153
224 153
225 153
226 153
227 153
228 153
229 153
230 153
231 153
232 153
233 153
234 153
235 153
236 153
237 153
238 153
239 153
240 153
241 153
242 153
243 153
244 153
51 152
52 152
53 152
54 152
55 152
56 152
57 152
58 152
59 152
60 152
61 152
62 152
63 152
64 152
65 152
66 152
67 152
68 152
69 152
70 152
71 152
72 152
73 152
74 152
75 152
76 152
77 152
78 152
79 152
80 152
81 152
82 152
83 152
84 152
85 152
86 152
87 152
88 152
89 152
90 152
91 152
92 152
93 152
94 152
95 152
96 152
97 152
98 152
99 152
100 152
101 152
102 152
103 152
104 152
105 152
106 152
107 152
108 152
109 152
110 152
111 152
112 152
113 152
114 152
115 152
116 152
117 152
118 152
119 152
120 152
121 152
122 152
123 152
124 152
125 152
126 152
127 152
128 152
129 152
130 152
131 152
132 152
133 152
134 152
135 152
136 152
137 152
138 152
139 152
140 152
141 152
142 152
143 152
144 152
145 152
146 152
147 152
148 152
149 152
150 152
151 152
152 152
153 152
154 152
155 152
156 152
157 152
158 152
159 152
160 152
161 152
162 152
163 152
164 152
165 152
166 152
167 152
168 152
169 152
170 152
171 152
172 152
173 152
174 152
175 152
176 152
177 152
178 152
179 152
180 152
181 152
182 152
183 152
184 152
185 152
186 152
187 152
188 152
189 152
190 152
191 152
192 152
193 152
194 152
195 152
196 152
197 152
198 152
199 152
200 152
201 152
202 152
203 152
204 152
205 152
206 152
207 152
208 152
209 152
210 152
211 152
212 152
213 152
214 152
215 152
216 152
217 152
218 152
219 152
220 152
221 152
222 152
223 152
224 152
225 152
226 152
227 152
228 152
229 152
230 152
231 152
232 152
233 152
234 152
235 152
236 152
237 152
238 152
239 152
240 152
51 151
52 151
53 151
54 151
55 151
56 151
57 151
58 151
59 151
60 151
61 151
62 151
63 151
64 151
65 151
66 151
67 151
68 151
69 151
70 151
71 151
72 151
73 151
74 151
75 151
76 151
77 151
78 151
79 151
80 151
81 151
82 151
83 151
84 151
85 151
86 151
87 151
88 151
89 151
90 151
91 151
92 151
93 151
94 151
95 151
96 151
97 151
98 151
99 151
100 151
101 151
102 151
103 151
104 151
105 151
106 151
107 151
108 151
109 151
110 151
111 151
112 151
113 151
114 151
115 151
116 151
117 151
118 151
119 151
120 151
121 151
122 151
123 151
124 151
125 151
126 151
127 151
128 151
129 151
130 151
131 151
132 151
133 151
134 151
135 151
136 151
137 151
138 151
139 151
140 151
141 151
142 151
143 151
144 151
145 151
146 151
147 151
148 151
149 151
150 151
151 151
152 151
153 151
154 151
155 151
156 151
157 151
158 151
159 151
160 151
161 151
162 151
163 151
164 151
165 151
166 151
167 151
168 151
169 151
170 151
171 151
172 151
173 151
174 151
175 151
176 151
177 151
178 151
179 151
180 151
181 151
182 151
183 151
184 151
185 151
186 151
187 151
188 151
189 151
190 151
191 151
192 151
193 151
194 151
195 151
196 151
197 151
198 151
199 151
200 151
201 151
202 151
203 151
204 151
205 151
206 151
207 151
208 151
209 151
210 151
211 151
212 151
213 151
214 151
215 151
216 151
217 151
218 151
219 151
220 151
221 151
222 151
223 151
224 151
225 151
226 151
227 151
228 151
229 151
230 151
231 151
232 151
233 151
234 151
235 151
50 150
51 150
52 150
53 150
54 150
55 150
56 150
57 150
58 150
59 150
60 150
61 150
62 150
63 150
64 150
65 150
66 150
67 150
68 150
69 150
70 150
71 150
72 150
73 150
74 150
75 150
76 150
77 150
78 150
79 150
80 150
81 150
82 150
83 150
84 150
85 150
86 150
87 150
88 150
89 150
90 150
91 150
92 150
93 150
94 150
95 150
96 150
97 150
98 150
99 150
100 150
101 150
102 150
103 150
104 150
105 150
106 150
107 150
108 150
109 150
110 150
111 150
112 150
113 150
114 150
115 150
116 150
117 150
118 150
119 150
120 150
121 150
122 150
123 150
124 150
125 150
126 150
127 150
128 150
129 150
130 150
131 150
132 150
133 150
134 150
135 150
136 150
137 150
138 150
139 150
140 150
141 150
142 150
143 150
144 150
145 150
146 150
147 150
148 150
149 150
150 150
151 150
152 150
153 150
154 150
155 150
156 150
157 150
158 150
159 150
160 150
161 150
162 150
163 150
164 150
165 150
166 150
167 150
168 150
169 150
170 150
171 150
172 150
173 150
174 150
175 150
176 150
177 150
178 150
179 150
180 150
181 150
182 150
183 150
184 150
185 150
186 150
187 150
188 150
189 150
190 150
191 150
192 150
193 150
194 150
195 150
196 150
197 150
198 150
199 150
200 150
201 150
202 150
203 150
204 150
205 150
206 150
207 150
208 150
209 150
210 150
211 150
212 150
213 150
214 150
215 150
216 150
217 150
218 150
219 150
220 150
221 150
222 150
223 150
224 150
225 150
226 150
227 150
228 150
229 150
230 150
231 150
50 149
51 149
52 149
53 149
54 149
55 149
56 149
57 149
58 149
59 149
60 149
61 149
62 149
63 149
64 149
65 149
66 149
67 149
68 149
69 149
70 149
71 149
72 149
73 149
74 149
75 149
76 149
77 149
78 149
79 149
80 149
81 149
82 149
83 149
84 149
85 149
86 149
87 149
88 149
89 149
90 149
91 149
92 149
93 149
94 149
95 149
96 149
97 149
98 149
99 149
100 149
101 149
102 149
103 149
104 149
105 149
106 149
107 149
108 149
109 149
110 149
111 149
112 149
113 149
114 149
115 149
116 149
117 149
118 149
119 149
120 149
121 149
122 149
123 149
124 149
125 149
126 149
127 149
128 149
129 149
130 149
131 149
132 149
133 149
134 149
135 149
136 149
137 149
138 149
139 149
140 149
141 149
142 149
143 149
144 149
145 149
146 149
147 149
148 149
149 149
150 149
151 149
152 149
153 149
154 149
155 149
156 149
157 149
158 149
159 149
160 149
161 149
162 149
163 149
164 149
165 149
166 149
167 149
168 149
169 149
170 149
171 149
172 149
173 149
174 149
175 149
176 149
177 149
178 149
179 149
180 149
181 149
182 149
183 149
184 149
185 149
186 149
187 149
188 149
189 149
190 149
191 149
192 149
193 149
194 149
195 149
196 149
197 149
198 149
199 149
200 149
201 149
202 149
203 149
204 149
205 149
206 149
207 149
208 149
209 149
210 149
211 149
212 149
213 149
214 149
215 149
216 149
217 149
218 149
219 149
220 149
221 149
222 149
223 149
224 149
225 149
226 149
227 149
49 148
50 148
51 148
52 148
53 148
54 148
55 148
56 148
57 148
58 148
59 148
60 148
61 148
62 148
63 148
64 148
65 148
66 148
67 148
68 148
69 148
70 148
71 148
72 148
73 148
74 148
75 148
76 148
77 148
78 148
79 148
80 148
81 148
82 148
83 148
84 148
85 148
86 148
87 148
88 148
89 148
90 148
91 148
92 148
93 148
94 148
95 148
96 148
97 148
98 148
99 148
100 148
101 148
102 148
103 148
104 148
105 148
106 148
107 148
108 148
109 148
110 148
111 148
112 148
113 148
114 148
115 148
116 148
117 148
118 148
119 148
120 148
121 148
122 148
123 148
124 148
125 148
126 148
127 148
128 148
129 148
130 148
131 148
132 148
133 148
134 148
135 148
136 148
137 148
138 148
139 148
140 148
141 148
142 148
143 148
144 148
145 148
146 148
147 148
148 148
149 148
150 148
151 148
152 148
153 148
154 148
155 148
156 148
157 148
158 148
159 148
160 148
161 148
162 148
163 148
164 148
165 148
166 148
167 148
168 148
169 148
170 148
171 148
172 148
173 148
174 148
175 148
176 148
177 148
178 148
179 148
180 148
181 148
182 148
183 148
184 148
185 148
186 148
187 148
188 148
189 148
190 148
191 148
192 148
193 148
194 148
195 148
196 148
197 148
198 148
199 148
200 148
201 148
202 148
203 148
204 148
205 148
206 148
207 148
208 148
209 148
210 148
211 148
212 148
213 148
214 148
215 148
216 148
217 148
218 148
219 148
220 148
221 148
222 148
223 148
50 147
51 147
52 147
53 147
54 147
55 147
56 147
57 147
58 147
59 147
60 147
61 147
62 147
63 147
64 147
65 147
66 147
67 147
68 147
69 147
70 147
71 147
72 147
73 147
74 147
75 147
76 147
77 147
78 147
79 147
80 147
81 147
82 147
83 147
84 147
85 147
86 147
87 147
88 147
89 147
90 147
91 147
92 147
93 147
94 147
95 147
96 147
97 147
98 147
99 147
100 147
101 147
102 147
103 147
104 147
105 147
106 147
107 147
108 147
109 147
110 147
111 147
112 147
113 147
114 147
115 147
116 147
117 147
118 147
119 147
120 147
121 147
122 147
123 147
124 147
125 147
126 147
127 147
128 147
129 147
130 147
131 147
132 147
133 147
134 147
135 147
136 147
137 147
138 147
139 147
140 147
141 147
142 147
143 147
144 147
145 147
146 147
147 147
148 147
149 147
150 147
151 147
152 147
153 147
154 147
155 147
156 147
157 147
158 147
159 147
160 147
161 147
162 147
163 147
164 147
165 147
166 147
167 147
168 147
169 147
170 147
171 147
172 147
173 147
174 147
175 147
176 147
177 147
178 147
179 147
180 147
181 147
182 147
183 147
184 147
185 147
186 147
187 147
188 147
189 147
190 147
191 147
192 147
193 147
194 147
195 147
196 147
197 147
198 147
199 147
200 147
201 147
202 147
203 147
204 147
205 147
206 147
207 147
208 147
209 147
210 147
211 147
212 147
213 147
214 147
215 147
216 147
217 147
218 147
50 146
51 146
52 146
53 146
54 146
55 146
56 146
57 146
58 146
59 146
60 146
61 146
62 146
63 146
64 146
65 146
66 146
67 146
68 146
69 146
70 146
71 146
72 146
73 146
74 146
75 146
76 146
77 146
78 146
79 146
80 146
81 146
82 146
83 146
84 146
85 146
86 146
87 146
88 146
89 146
90 146
91 146
92 146
93 146
94 146
95 146
96 146
97 146
98 146
99 146
100 146
101 146
102 146
103 146
104 146
105 146
106 146
107 146
108 146
109 146
110 146
111 146
112 146
113 146
114 146
115 146
116 146
117 146
118 146
119 146
120 146
121 146
122 146
123 146
124 146
125 146
126 146
127 146
128 146
129 146
130 146
131 146
132 146
133 146
134 146
135 146
136 146
137 146
138 146
139 146
140 146
141 146
142 146
143 146
144 146
145 146
146 146
147 146
148 146
149 146
150 146
151 146
152 146
153 146
154 146
155 146
156 146
157 146
158 146
159 146
160 146
161 146
162 146
163 146
164 146
165 146
166 146
167 146
168 146
169 146
170 146
171 146
172 146
173 146
174 146
175 146
176 146
177 146
178 146
179 146
180 146
181 146
182 146
183 146
184 146
185 146
186 146
187 146
188 146
189 146
190 146
191 146
192 146
193 146
194 146
195 146
196 146
197 146
198 146
199 146
200 146
201 146
202 146
203 146
204 146
205 146
206 146
207 146
208 146
209 146
210 146
211 146
212 146
213 146
51 145
52 145
53 145
54 145
55 145
56 145
57 145
58 145
59 145
60 145
61 145
62 145
63 145
64 145
65 145
66 145
67 145
68 145
69 145
70 145
71 145
72 145
73 145
74 145
75 145
76 145
77 145
78 145
79 145
80 145
81 145
82 145
83 145
84 145
85 145
86 145
87 145
88 145
89 145
90 145
91 145
92 145
93 145
94 145
95 145
96 145
97 145
98 145
99 145
100 145
101 145
102 145
103 145
104 145
105 145
106 145
107 145
108 145
109 145
110 145
111 145
112 145
113 145
114 145
115 145
116 145
117 145
118 145
119 145
120 145
121 145
122 145
123 145
124 145
125 145
126 145
127 145
128 145
129 145
130 145
131 145
132 145
133 145
134 145
135 145
136 145
137 145
138 145
139 145
140 145
141 145
142 145
143 145
144 145
145 145
146 145
147 145
148 145
149 145
150 145
151 145
152 145
153 145
154 145
155 145
156 145
157 145
158 145
159 145
160 145
161 145
162 145
163 145
164 145
165 145
166 145
167 145
168 145
169 145
170 145
171 145
172 145
173 145
174 145
175 145
176 145
177 145
178 145
179 145
180 145
181 145
182 145
183 145
184 145
185 145
186 145
187 145
188 145
189 145
190 145
191 145
192 145
193 145
194 145
195 145
196 145
197 145
198 145
199 145
200 145
201 145
202 145
203 145
204 145
205 145
206 145
207 145
208 145
209 145
51 144
52 144
53 144
54 144
55 144
56 144
57 144
58 144
59 144
60 144
61 144
62 144
63 144
64 144
65 144
66 144
67 144
68 144
69 144
70 144
71 144
72 144
73 144
74 144
75 144
76 144
77 144
78 144
79 144
80 144
81 144
82 144
83 144
84 144
85 144
86 144
87 144
88 144
89 144
90 144
91 144
92 144
93 144
94 144
95 144
96 144
97 144
98 144
99 144
100 144
101 144
102 144
103 144
104 144
105 144
106 144
107 144
108 144
109 144
110 144
111 144
112 144
113 144
114 144
115 144
116 144
117 144
118 144
119 144
120 144
121 144
122 144
123 144
124 144
125 144
126 144
127 144
128 144
129 144
130 144
131 144
132 144
133 144
134 144
135 144
136 144
137 144
138 144
139 144
140 144
141 144
142 144
143 144
144 144
145 144
146 144
147 144
148 144
149 144
150 144
151 144
152 144
153 144
154 144
155 144
156 144
157 144
158 144
159 144
160 144
161 144
162 144
163 144
164 144
165 144
166 144
167 144
168 144
169 144
170 144
171 144
172 144
173 144
174 144
175 144
176 144
177 144
178 144
179 144
180 144
181 144
182 144
183 144
184 144
185 144
186 144
187 144
188 144
189 144
190 144
191 144
192 144
193 144
194 144
195 144
196 144
197 144
198 144
199 144
200 144
201 144
202 144
203 144
204 144
52 143
53 143
54 143
55 143
56 143
57 143
58 143
59 143
60 143
61 143
62 143
63 143
64 143
65 143
66 143
67 143
68 143
69 143
70 143
71 143
72 143
73 143
74 143
75 143
76 143
77 143
78 143
79 143
80 143
81 143
82 143
83 143
84 143
85 143
86 143
87 143
88 143
89 143
90 143
91 143
92 143
93 143
94 143
95 143
96 143
97 143
98 143
99 143
100 143
101 143
102 143
103 143
104 143
105 143
106 143
107 143
108 143
109 143
110 143
111 143
112 143
113 143
114 143
115 143
116 143
117 143
118 143
119 143
120 143
121 143
122 143
123 143
124 143
125 143
126 143
127 143
128 143
129 143
130 143
131 143
132 143
133 143
134 143
135 143
136 143
137 143
138 143
139 143
140 143
141 143
142 143
143 143
144 143
145 143
146 143
147 143
148 143
149 143
150 143
151 143
152 143
153 143
154 143
155 143
156 143
157 143
158 143
159 143
160 143
161 143
162 143
163 143
164 143
165 143
166 143
167 143
168 143
169 143
170 143
171 143
172 143
173 143
174 143
175 143
176 143
177 143
178 143
179 143
180 143
181 143
182 143
183 143
184 143
185 143
186 143
187 143
188 143
189 143
190 143
191 143
192 143
193 143
194 143
195 143
196 143
197 143
198 143
199 143
53 142
54 142
55 142
56 142
57 142
58 142
59 142
60 142
61 142
62 142
63 142
64 142
65 142
66 142
67 142
68 142
69 142
70 142
71 142
72 142
73 142
74 142
75 142
76 142
77 142
78 142
79 142
80 142
81 142
82 142
83 142
84 142
85 142
86 142
87 142
88 142
89 142
90 142
91 142
92 142
93 142
94 142
95 142
96 142
97 142
98 142
99 142
100 142
101 142
102 142
103 142
104 142
105 142
106 142
107 142
108 142
109 142
110 142
111 142
112 142
113 142
114 142
115 142
116 142
117 142
118 142
119 142
120 142
121 142
122 142
123 142
124 142
125 142
126 142
127 142
128 142
129 142
130 142
131 142
132 142
133 142
134 142
135 142
136 142
137 142
138 142
139 142
140 142
141 142
142 142
143 142
144 142
145 142
146 142
147 142
148 142
149 142
150 142
151 142
152 142
153 142
154 142
155 142
156 142
157 142
158 142
159 142
160 142
161 142
162 142
163 142
164 142
165 142
166 142
167 142
168 142
169 142
170 142
171 142
172 142
173 142
174 142
175 142
176 142
177 142
178 142
179 142
180 142
181 142
182 142
183 142
184 142
185 142
186 142
187 142
188 142
189 142
190 142
191 142
192 142
193 142
55 141
56 141
57 141
58 141
59 141
60 141
61 141
62 141
63 141
64 141
65 141
66 141
67 141
68 141
69 141
70 141
71 141
72 141
73 141
74 141
75 141
76 141
77 141
78 141
79 141
80 141
81 141
82 141
83 141
84 141
85 141
86 141
87 141
88 141
89 141
90 141
91 141
92 141
93 141
94 141
95 141
96 141
97 141
98 141
99 141
100 141
101 141
102 141
103 141
104 141
105 141
106 141
107 141
108 141
109 141
110 141
111 141
112 141
113 141
114 141
115 141
116 141
117 141
118 141
119 141
120 141
121 141
122 141
123 141
124 141
125 141
126 141
127 141
128 141
129 141
130 141
131 141
132 141
133 141
134 141
135 141
136 141
137 141
138 141
139 141
140 141
141 141
142 141
143 141
144 141
145 141
146 141
147 141
148 141
149 141
150 141
151 141
152 141
153 141
154 141
155 141
156 141
157 141
158 141
159 141
160 141
161 141
162 141
163 141
164 141
165 141
166 141
167 141
168 141
169 141
170 141
171 141
172 141
173 141
174 141
175 141
176 141
177 141
178 141
179 141
180 141
181 141
182 141
183 141
184 141
185 141
186 141
187 141
188 141
57 140
58 140
59 140
60 140
61 140
62 140
63 140
64 140
65 140
66 140
67 140
68 140
69 140
70 140
71 140
72 140
73 140
74 140
75 140
76 140
77 140
78 140
79 140
80 140
81 140
82 140
83 140
84 140
85 140
86 140
87 140
88 140
89 140
90 140
91 140
92 140
93 140
94 140
95 140
96 140
97 140
98 140
99 140
100 140
101 140
102 140
103 140
104 140
105 140
106 140
107 140
108 140
109 140
110 140
111 140
112 140
113 140
114 140
115 140
116 140
117 140
118 140
119 140
120 140
121 140
122 140
123 140
124 140
125 140
126 140
127 140
128 140
129 140
130 140
131 140
132 140
133 140
134 140
135 140
136 140
137 140
138 140
139 140
140 140
141 140
142 140
143 140
144 140
145 140
146 140
147 140
148 140
149 140
150 140
151 140
152 140
153 140
154 140
155 140
156 140
157 140
158 140
159 140
160 140
161 140
162 140
163 140
164 140
165 140
166 140
167 140
168 140
169 140
170 140
171 140
172 140
173 140
174 140
175 140
176 140
177 140
178 140
179 140
180 140
181 140
182 140
59 139
60 139
61 139
62 139
63 139
64 139
65 139
66 139
67 139
68 139
69 139
70 139
71 139
72 139
73 139
74 139
75 139
76 139
77 139
78 139
79 139
80 139
81 139
82 139
83 139
84 139
85 139
86 139
87 139
88 139
89 139
90 139
91 139
92 139
93 139
94 139
95 139
96 139
97 139
98 139
99 139
100 139
101 139
102 139
103 139
104 139
105 139
106 139
107 139
108 139
109 139
110 139
111 139
112 139
113 139
114 139
115 139
116 139
117 139
118 139
119 139
120 139
121 139
122 139
123 139
124 139
125 139
126 139
127 139
128 139
129 139
130 139
131 139
132 139
133 139
134 139
135 139
136 139
137 139
138 139
139 139
140 139
141 139
142 139
143 139
144 139
145 139
146 139
147 139
148 139
149 139
150 139
151 139
152 139
153 139
154 139
155 139
156 139
157 139
158 139
159 139
160 139
161 139
162 139
163 139
164 139
165 139
166 139
167 139
168 139
169 139
170 139
171 139
172 139
173 139
174 139
175 139
176 139
177 139
62 138
63 138
64 138
65 138
66 138
67 138
68 138
69 138
70 138
71 138
72 138
73 138
74 138
75 138
76 138
77 138
78 138
79 138
80 138
81 138
82 138
83 138
84 138
85 138
86 138
87 138
88 138
89 138
90 138
91 138
92 138
93 138
94 138
95 138
96 138
97 138
98 138
99 138
100 138
101 138
102 138
103 138
104 138
105 138
106 138
107 138
108 138
109 138
110 138
111 138
112 138
113 138
114 138
115 138
116 138
117 138
118 138
119 138
120 138
121 138
122 138
123 138
124 138
125 138
126 138
127 138
128 138
129 138
130 138
131 138
132 138
133 138
134 138
135 138
136 138
137 138
138 138
139 138
140 138
141 138
142 138
143 138
144 138
145 138
146 138
147 138
148 138
149 138
150 138
151 138
152 138
153 138
154 138
155 138
156 138
157 138
158 138
159 138
160 138
161 138
162 138
163 138
164 138
165 138
166 138
167 138
168 138
169 138
170 138
65 137
66 137
67 137
68 137
69 137
70 137
71 137
72 137
73 137
74 137
75 137
76 137
77 137
78 137
79 137
80 137
81 137
82 137
83 137
84 137
85 137
86 137
87 137
88 137
89 137
90 137
91 137
92 137
93 137
94 137
95 137
96 137
97 137
98 137
99 137
100 137
101 137
102 137
103 137
104 137
105 137
106 137
107 137
108 137
109 137
110 137
111 137
112 137
113 137
114 137
115 137
116 137
117 137
118 137
119 137
120 137
121 137
122 137
123 137
124 137
125 137
126 137
127 137
128 137
129 137
130 137
131 137
132 137
133 137
134 137
135 137
136 137
137 137
138 137
139 137
140 137
141 137
142 137
143 137
144 137
145 137
146 137
147 137
148 137
149 137
150 137
151 137
152 137
153 137
154 137
155 137
156 137
157 137
158 137
159 137
160 137
161 137
162 137
163 137
164 137
69 136
70 136
71 136
72 136
73 136
74 136
75 136
76 136
77 136
78 136
79 136
80 136
81 136
82 136
83 136
84 136
85 136
86 136
87 136
88 136
89 136
90 136
91 136
92 136
93 136
94 136
95 136
96 136
97 136
98 136
99 136
100 136
101 136
102 136
103 136
104 136
105 136
106 136
107 136
108 136
109 136
110 136
111 136
112 136
113 136
114 136
115 136
116 136
117 136
118 136
119 136
120 136
121 136
122 136
123 136
124 136
125 136
126 136
127 136
128 136
129 136
130 136
131 136
132 136
133 136
134 136
135 136
136 136
137 136
138 136
139 136
140 136
141 136
142 136
143 136
144 136
145 136
146 136
147 136
148 136
149 136
150 136
151 136
152 136
153 136
154 136
155 136
156 136
157 136
74 135
75 135
76 135
77 135
78 135
79 135
80 135
81 135
82 135
83 135
84 135
85 135
86 135
87 135
88 135
89 135
90 135
91 135
92 135
93 135
94 135
95 135
96 135
97 135
98 135
99 135
100 135
101 135
102 135
103 135
104 135
105 135
106 135
107 135
108 135
109 135
110 135
111 135
112 135
113 135
114 135
115 135
116 135
117 135
118 135
119 135
120 135
121 135
122 135
123 135
124 135
125 135
126 135
127 135
128 135
129 135
130 135
131 135
132 135
133 135
134 135
135 135
136 135
137 135
138 135
139 135
140 135
141 135
142 135
143 135
144 135
145 135
146 135
147 135
148 135
149 135
80 134
81 134
82 134
83 134
84 134
85 134
86 134
87 134
88 134
89 134
90 134
91 134
92 134
93 134
94 134
95 134
96 134
97 134
98 134
99 134
100 134
101 134
102 134
103 134
104 134
105 134
106 134
107 134
108 134
109 134
110 134
111 134
112 134
113 134
114 134
115 134
116 134
117 134
118 134
119 134
120 134
121 134
122 134
123 134
124 134
125 134
126 134
127 134
128 134
129 134
130 134
131 134
132 134
133 134
134 134
135 134
136 134
137 134
138 134
139 134
140 134
89 133
90 133
91 133
92 133
93 133
94 133
95 133
96 133
97 133
98 133
99 133
100 133
101 133
102 133
103 133
104 133
105 133
106 133
107 133
108 133
109 133
110 133
111 133
112 133
113 133
114 133
115 133
116 133
117 133
118 133
119 133
120 133
121 133
122 133
123 133
124 133
125 133
126 133
127 133
128 133
