2
400 150
150.0 30000 0.15
250 98
251 98
252 98
253 98
254 98
243 97
244 97
245 97
246 97
247 97
248 97
249 97
250 97
251 97
236 96
237 96
238 96
239 96
240 96
241 96
242 96
243 96
244 96
245 96
246 96
247 96
248 96
228 95
229 95
230 95
231 95
232 95
233 95
234 95
235 95
236 95
237 95
238 95
239 95
240 95
241 95
242 95
243 95
244 95
245 95
221 94
222 94
223 94
224 94
225 94
226 94
227 94
228 94
229 94
230 94
231 94
232 94
233 94
234 94
235 94
236 94
237 94
238 94
239 94
240 94
241 94
242 94
214 93
215 93
216 93
217 93
218 93
219 93
220 93
221 93
222 93
223 93
224 93
225 93
226 93
227 93
228 93
229 93
230 93
231 93
232 93
233 93
234 93
235 93
236 93
237 93
238 93
239 93
207 92
208 92
209 92
210 92
211 92
212 92
213 92
214 92
215 92
216 92
217 92
218 92
219 92
220 92
221 92
222 92
223 92
224 92
225 92
226 92
227 92
228 92
229 92
230 92
231 92
232 92
233 92
234 92
235 92
236 92
200 91
201 91
202 91
203 91
204 91
205 91
206 91
207 91
208 91
209 91
210 91
211 91
212 91
213 91
214 91
215 91
216 91
217 91
218 91
219 91
220 91
221 91
222 91
223 91
224 91
225 91
226 91
227 91
228 91
229 91
230 91
231 91
232 91
233 91
192 90
193 90
194 90
195 90
196 90
197 90
198 90
199 90
200 90
201 90
202 90
203 90
204 90
205 90
206 90
207 90
208 90
209 90
210 90
211 90
212 90
213 90
214 90
215 90
216 90
217 90
218 90
219 90
220 90
221 90
222 90
223 90
224 90
225 90
226 90
227 90
228 90
229 90
230 90
185 89
186 89
187 89
188 89
189 89
190 89
191 89
192 89
193 89
194 89
195 89
196 89
197 89
198 89
199 89
200 89
201 89
202 89
203 89
204 89
205 89
206 89
207 89
208 89
209 89
210 89
211 89
212 89
213 89
214 89
215 89
216 89
217 89
218 89
219 89
220 89
221 89
222 89
223 89
224 89
225 89
226 89
227 89
178 88
179 88
180 88
181 88
182 88
183 88
184 88
185 88
186 88
187 88
188 88
189 88
190 88
191 88
192 88
193 88
194 88
195 88
196 88
197 88
198 88
199 88
200 88
201 88
202 88
203 88
204 88
205 88
206 88
207 88
208 88
209 88
210 88
211 88
212 88
213 88
214 88
215 88
216 88
217 88
218 88
219 88
220 88
221 88
222 88
223 88
224 88
171 87
172 87
173 87
174 87
175 87
176 87
177 87
178 87
179 87
180 87
181 87
182 87
183 87
184 87
185 87
186 87
187 87
188 87
189 87
190 87
191 87
192 87
193 87
194 87
195 87
196 87
197 87
198 87
199 87
200 87
201 87
202 87
203 87
204 87
205 87
206 87
207 87
208 87
209 87
210 87
211 87
212 87
213 87
214 87
215 87
216 87
217 87
218 87
219 87
220 87
221 87
164 86
165 86
166 86
167 86
168 86
169 86
170 86
171 86
172 86
173 86
174 86
175 86
176 86
177 86
178 86
179 86
180 86
181 86
182 86
183 86
184 86
185 86
186 86
187 86
188 86
189 86
190 86
191 86
192 86
193 86
194 86
195 86
196 86
197 86
198 86
199 86
200 86
201 86
202 86
203 86
204 86
205 86
206 86
207 86
208 86
209 86
210 86
211 86
212 86
213 86
214 86
215 86
216 86
217 86
218 86
157 85
158 85
159 85
160 85
161 85
162 85
163 85
164 85
165 85
166 85
167 85
168 85
169 85
170 85
171 85
172 85
173 85
174 85
175 85
176 85
177 85
178 85
179 85
180 85
181 85
182 85
183 85
184 85
185 85
186 85
187 85
188 85
189 85
190 85
191 85
192 85
193 85
194 85
195 85
196 85
197 85
198 85
199 85
200 85
201 85
202 85
203 85
204 85
205 85
206 85
207 85
208 85
209 85
210 85
211 85
212 85
213 85
214 85
215 85
150 84
151 84
152 84
153 84
154 84
155 84
156 84
157 84
158 84
159 84
160 84
161 84
162 84
163 84
164 84
165 84
166 84
167 84
168 84
169 84
170 84
171 84
172 84
173 84
174 84
175 84
176 84
177 84
178 84
179 84
180 84
181 84
182 84
183 84
184 84
185 84
186 84
187 84
188 84
189 84
190 84
191 84
192 84
193 84
194 84
195 84
196 84
197 84
198 84
199 84
200 84
201 84
202 84
203 84
204 84
205 84
206 84
207 84
208 84
209 84
210 84
211 84
212 84
143 83
144 83
145 83
146 83
147 83
148 83
149 83
150 83
151 83
152 83
153 83
154 83
155 83
156 83
157 83
158 83
159 83
160 83
161 83
162 83
163 83
164 83
165 83
166 83
167 83
168 83
169 83
170 83
171 83
172 83
173 83
174 83
175 83
176 83
177 83
178 83
179 83
180 83
181 83
182 83
183 83
184 83
185 83
186 83
187 83
188 83
189 83
190 83
191 83
192 83
193 83
194 83
195 83
196 83
197 83
198 83
199 83
200 83
201 83
202 83
203 83
204 83
205 83
206 83
207 83
208 83
137 82
138 82
139 82
140 82
141 82
142 82
143 82
144 82
145 82
146 82
147 82
148 82
149 82
150 82
151 82
152 82
153 82
154 82
155 82
156 82
157 82
158 82
159 82
160 82
161 82
162 82
163 82
164 82
165 82
166 82
167 82
168 82
169 82
170 82
171 82
172 82
173 82
174 82
175 82
176 82
177 82
178 82
179 82
180 82
181 82
182 82
183 82
184 82
185 82
186 82
187 82
188 82
189 82
190 82
191 82
192 82
193 82
194 82
195 82
196 82
197 82
198 82
199 82
200 82
201 82
202 82
203 82
204 82
205 82
130 81
131 81
132 81
133 81
134 81
135 81
136 81
137 81
138 81
139 81
140 81
141 81
142 81
143 81
144 81
145 81
146 81
147 81
148 81
149 81
150 81
151 81
152 81
153 81
154 81
155 81
156 81
157 81
158 81
159 81
160 81
161 81
162 81
163 81
164 81
165 81
166 81
167 81
168 81
169 81
170 81
171 81
172 81
173 81
174 81
175 81
176 81
177 81
178 81
179 81
180 81
181 81
182 81
183 81
184 81
185 81
186 81
187 81
188 81
189 81
190 81
191 81
192 81
193 81
194 81
195 81
196 81
197 81
198 81
199 81
200 81
201 81
202 81
123 80
124 80
125 80
126 80
127 80
128 80
129 80
130 80
131 80
132 80
133 80
134 80
135 80
136 80
137 80
138 80
139 80
140 80
141 80
142 80
143 80
144 80
145 80
146 80
147 80
148 80
149 80
150 80
151 80
152 80
153 80
154 80
155 80
156 80
157 80
158 80
159 80
160 80
161 80
162 80
163 80
164 80
165 80
166 80
167 80
168 80
169 80
170 80
171 80
172 80
173 80
174 80
175 80
176 80
177 80
178 80
179 80
180 80
181 80
182 80
183 80
184 80
185 80
186 80
187 80
188 80
189 80
190 80
191 80
192 80
193 80
194 80
195 80
196 80
197 80
198 80
117 79
118 79
119 79
120 79
121 79
122 79
123 79
124 79
125 79
126 79
127 79
128 79
129 79
130 79
131 79
132 79
133 79
134 79
135 79
136 79
137 79
138 79
139 79
140 79
141 79
142 79
143 79
144 79
145 79
146 79
147 79
148 79
149 79
150 79
151 79
152 79
153 79
154 79
155 79
156 79
157 79
158 79
159 79
160 79
161 79
162 79
163 79
164 79
165 79
166 79
167 79
168 79
169 79
170 79
171 79
172 79
173 79
174 79
175 79
176 79
177 79
178 79
179 79
180 79
181 79
182 79
183 79
184 79
185 79
186 79
187 79
188 79
189 79
190 79
191 79
192 79
193 79
194 79
195 79
111 78
112 78
113 78
114 78
115 78
116 78
117 78
118 78
119 78
120 78
121 78
122 78
123 78
124 78
125 78
126 78
127 78
128 78
129 78
130 78
131 78
132 78
133 78
134 78
135 78
136 78
137 78
138 78
139 78
140 78
141 78
142 78
143 78
144 78
145 78
146 78
147 78
148 78
149 78
150 78
151 78
152 78
153 78
154 78
155 78
156 78
157 78
158 78
159 78
160 78
161 78
162 78
163 78
164 78
165 78
166 78
167 78
168 78
169 78
170 78
171 78
172 78
173 78
174 78
175 78
176 78
177 78
178 78
179 78
180 78
181 78
182 78
183 78
184 78
185 78
186 78
187 78
188 78
189 78
190 78
191 78
192 78
104 77
105 77
106 77
107 77
108 77
109 77
110 77
111 77
112 77
113 77
114 77
115 77
116 77
117 77
118 77
119 77
120 77
121 77
122 77
123 77
124 77
125 77
126 77
127 77
128 77
129 77
130 77
131 77
132 77
133 77
134 77
135 77
136 77
137 77
138 77
139 77
140 77
141 77
142 77
143 77
144 77
145 77
146 77
147 77
148 77
149 77
150 77
151 77
152 77
153 77
154 77
155 77
156 77
157 77
158 77
159 77
160 77
161 77
162 77
163 77
164 77
165 77
166 77
167 77
168 77
169 77
170 77
171 77
172 77
173 77
174 77
175 77
176 77
177 77
178 77
179 77
180 77
181 77
182 77
183 77
184 77
185 77
186 77
187 77
188 77
98 76
99 76
100 76
101 76
102 76
103 76
104 76
105 76
106 76
107 76
108 76
109 76
110 76
111 76
112 76
113 76
114 76
115 76
116 76
117 76
118 76
119 76
120 76
121 76
122 76
123 76
124 76
125 76
126 76
127 76
128 76
129 76
130 76
131 76
132 76
133 76
134 76
135 76
136 76
137 76
138 76
139 76
140 76
141 76
142 76
143 76
144 76
145 76
146 76
147 76
148 76
149 76
150 76
151 76
152 76
153 76
154 76
155 76
156 76
157 76
158 76
159 76
160 76
161 76
162 76
163 76
164 76
165 76
166 76
167 76
168 76
169 76
170 76
171 76
172 76
173 76
174 76
175 76
176 76
177 76
178 76
179 76
180 76
181 76
182 76
183 76
184 76
185 76
92 75
93 75
94 75
95 75
96 75
97 75
98 75
99 75
100 75
101 75
102 75
103 75
104 75
105 75
106 75
107 75
108 75
109 75
110 75
111 75
112 75
113 75
114 75
115 75
116 75
117 75
118 75
119 75
120 75
121 75
122 75
123 75
124 75
125 75
126 75
127 75
128 75
129 75
130 75
131 75
132 75
133 75
134 75
135 75
136 75
137 75
138 75
139 75
140 75
141 75
142 75
143 75
144 75
145 75
146 75
147 75
148 75
149 75
150 75
151 75
152 75
153 75
154 75
155 75
156 75
157 75
158 75
159 75
160 75
161 75
162 75
163 75
164 75
165 75
166 75
167 75
168 75
169 75
170 75
171 75
172 75
173 75
174 75
175 75
176 75
177 75
178 75
179 75
180 75
181 75
87 74
88 74
89 74
90 74
91 74
92 74
93 74
94 74
95 74
96 74
97 74
98 74
99 74
100 74
101 74
102 74
103 74
104 74
105 74
106 74
107 74
108 74
109 74
110 74
111 74
112 74
113 74
114 74
115 74
116 74
117 74
118 74
119 74
120 74
121 74
122 74
123 74
124 74
125 74
126 74
127 74
128 74
129 74
130 74
131 74
132 74
133 74
134 74
135 74
136 74
137 74
138 74
139 74
140 74
141 74
142 74
143 74
144 74
145 74
146 74
147 74
148 74
149 74
150 74
151 74
152 74
153 74
154 74
155 74
156 74
157 74
158 74
159 74
160 74
161 74
162 74
163 74
164 74
165 74
166 74
167 74
168 74
169 74
170 74
171 74
172 74
173 74
174 74
175 74
176 74
177 74
178 74
81 73
82 73
83 73
84 73
85 73
86 73
87 73
88 73
89 73
90 73
91 73
92 73
93 73
94 73
95 73
96 73
97 73
98 73
99 73
100 73
101 73
102 73
103 73
104 73
105 73
106 73
107 73
108 73
109 73
110 73
111 73
112 73
113 73
114 73
115 73
116 73
117 73
118 73
119 73
120 73
121 73
122 73
123 73
124 73
125 73
126 73
127 73
128 73
129 73
130 73
131 73
132 73
133 73
134 73
135 73
136 73
137 73
138 73
139 73
140 73
141 73
142 73
143 73
144 73
145 73
146 73
147 73
148 73
149 73
150 73
151 73
152 73
153 73
154 73
155 73
156 73
157 73
158 73
159 73
160 73
161 73
162 73
163 73
164 73
165 73
166 73
167 73
168 73
169 73
170 73
171 73
172 73
173 73
174 73
75 72
76 72
77 72
78 72
79 72
80 72
81 72
82 72
83 72
84 72
85 72
86 72
87 72
88 72
89 72
90 72
91 72
92 72
93 72
94 72
95 72
96 72
97 72
98 72
99 72
100 72
101 72
102 72
103 72
104 72
105 72
106 72
107 72
108 72
109 72
110 72
111 72
112 72
113 72
114 72
115 72
116 72
117 72
118 72
119 72
120 72
121 72
122 72
123 72
124 72
125 72
126 72
127 72
128 72
129 72
130 72
131 72
132 72
133 72
134 72
135 72
136 72
137 72
138 72
139 72
140 72
141 72
142 72
143 72
144 72
145 72
146 72
147 72
148 72
149 72
150 72
151 72
152 72
153 72
154 72
155 72
156 72
157 72
158 72
159 72
160 72
161 72
162 72
163 72
164 72
165 72
166 72
167 72
168 72
169 72
170 72
70 71
71 71
72 71
73 71
74 71
75 71
76 71
77 71
78 71
79 71
80 71
81 71
82 71
83 71
84 71
85 71
86 71
87 71
88 71
89 71
90 71
91 71
92 71
93 71
94 71
95 71
96 71
97 71
98 71
99 71
100 71
101 71
102 71
103 71
104 71
105 71
106 71
107 71
108 71
109 71
110 71
111 71
112 71
113 71
114 71
115 71
116 71
117 71
118 71
119 71
120 71
121 71
122 71
123 71
124 71
125 71
126 71
127 71
128 71
129 71
130 71
131 71
132 71
133 71
134 71
135 71
136 71
137 71
138 71
139 71
140 71
141 71
142 71
143 71
144 71
145 71
146 71
147 71
148 71
149 71
150 71
151 71
152 71
153 71
154 71
155 71
156 71
157 71
158 71
159 71
160 71
161 71
162 71
163 71
164 71
165 71
166 71
167 71
65 70
66 70
67 70
68 70
69 70
70 70
71 70
72 70
73 70
74 70
75 70
76 70
77 70
78 70
79 70
80 70
81 70
82 70
83 70
84 70
85 70
86 70
87 70
88 70
89 70
90 70
91 70
92 70
93 70
94 70
95 70
96 70
97 70
98 70
99 70
100 70
101 70
102 70
103 70
104 70
105 70
106 70
107 70
108 70
109 70
110 70
111 70
112 70
113 70
114 70
115 70
116 70
117 70
118 70
119 70
120 70
121 70
122 70
123 70
124 70
125 70
126 70
127 70
128 70
129 70
130 70
131 70
132 70
133 70
134 70
135 70
136 70
137 70
138 70
139 70
140 70
141 70
142 70
143 70
144 70
145 70
146 70
147 70
148 70
149 70
150 70
151 70
152 70
153 70
154 70
155 70
156 70
157 70
158 70
159 70
160 70
161 70
162 70
163 70
60 69
61 69
62 69
63 69
64 69
65 69
66 69
67 69
68 69
69 69
70 69
71 69
72 69
73 69
74 69
75 69
76 69
77 69
78 69
79 69
80 69
81 69
82 69
83 69
84 69
85 69
86 69
87 69
88 69
89 69
90 69
91 69
92 69
93 69
94 69
95 69
96 69
97 69
98 69
99 69
100 69
101 69
102 69
103 69
104 69
105 69
106 69
107 69
108 69
109 69
110 69
111 69
112 69
113 69
114 69
115 69
116 69
117 69
118 69
119 69
120 69
121 69
122 69
123 69
124 69
125 69
126 69
127 69
128 69
129 69
130 69
131 69
132 69
133 69
134 69
135 69
136 69
137 69
138 69
139 69
140 69
141 69
142 69
143 69
144 69
145 69
146 69
147 69
148 69
149 69
150 69
151 69
152 69
153 69
154 69
155 69
156 69
157 69
158 69
159 69
55 68
56 68
57 68
58 68
59 68
60 68
61 68
62 68
63 68
64 68
65 68
66 68
67 68
68 68
69 68
70 68
71 68
72 68
73 68
74 68
75 68
76 68
77 68
78 68
79 68
80 68
81 68
82 68
83 68
84 68
85 68
86 68
87 68
88 68
89 68
90 68
91 68
92 68
93 68
94 68
95 68
96 68
97 68
98 68
99 68
100 68
101 68
102 68
103 68
104 68
105 68
106 68
107 68
108 68
109 68
110 68
111 68
112 68
113 68
114 68
115 68
116 68
117 68
118 68
119 68
120 68
121 68
122 68
123 68
124 68
125 68
126 68
127 68
128 68
129 68
130 68
131 68
132 68
133 68
134 68
135 68
136 68
137 68
138 68
139 68
140 68
141 68
142 68
143 68
144 68
145 68
146 68
147 68
148 68
149 68
150 68
151 68
152 68
153 68
154 68
155 68
51 67
52 67
53 67
54 67
55 67
56 67
57 67
58 67
59 67
60 67
61 67
62 67
63 67
64 67
65 67
66 67
67 67
68 67
69 67
70 67
71 67
72 67
73 67
74 67
75 67
76 67
77 67
78 67
79 67
80 67
81 67
82 67
83 67
84 67
85 67
86 67
87 67
88 67
89 67
90 67
91 67
92 67
93 67
94 67
95 67
96 67
97 67
98 67
99 67
100 67
101 67
102 67
103 67
104 67
105 67
106 67
107 67
108 67
109 67
110 67
111 67
112 67
113 67
114 67
115 67
116 67
117 67
118 67
119 67
120 67
121 67
122 67
123 67
124 67
125 67
126 67
127 67
128 67
129 67
130 67
131 67
132 67
133 67
134 67
135 67
136 67
137 67
138 67
139 67
140 67
141 67
142 67
143 67
144 67
145 67
146 67
147 67
148 67
149 67
150 67
151 67
47 66
48 66
49 66
50 66
51 66
52 66
53 66
54 66
55 66
56 66
57 66
58 66
59 66
60 66
61 66
62 66
63 66
64 66
65 66
66 66
67 66
68 66
69 66
70 66
71 66
72 66
73 66
74 66
75 66
76 66
77 66
78 66
79 66
80 66
81 66
82 66
83 66
84 66
85 66
86 66
87 66
88 66
89 66
90 66
91 66
92 66
93 66
94 66
95 66
96 66
97 66
98 66
99 66
100 66
101 66
102 66
103 66
104 66
105 66
106 66
107 66
108 66
109 66
110 66
111 66
112 66
113 66
114 66
115 66
116 66
117 66
118 66
119 66
120 66
121 66
122 66
123 66
124 66
125 66
126 66
127 66
128 66
129 66
130 66
131 66
132 66
133 66
134 66
135 66
136 66
137 66
138 66
139 66
140 66
141 66
142 66
143 66
144 66
145 66
146 66
147 66
43 65
44 65
45 65
46 65
47 65
48 65
49 65
50 65
51 65
52 65
53 65
54 65
55 65
56 65
57 65
58 65
59 65
60 65
61 65
62 65
63 65
64 65
65 65
66 65
67 65
68 65
69 65
70 65
71 65
72 65
73 65
74 65
75 65
76 65
77 65
78 65
79 65
80 65
81 65
82 65
83 65
84 65
85 65
86 65
87 65
88 65
89 65
90 65
91 65
92 65
93 65
94 65
95 65
96 65
97 65
98 65
99 65
100 65
101 65
102 65
103 65
104 65
105 65
106 65
107 65
108 65
109 65
110 65
111 65
112 65
113 65
114 65
115 65
116 65
117 65
118 65
119 65
120 65
121 65
122 65
123 65
124 65
125 65
126 65
127 65
128 65
129 65
130 65
131 65
132 65
133 65
134 65
135 65
136 65
137 65
138 65
139 65
140 65
141 65
142 65
143 65
40 64
41 64
42 64
43 64
44 64
45 64
46 64
47 64
48 64
49 64
50 64
51 64
52 64
53 64
54 64
55 64
56 64
57 64
58 64
59 64
60 64
61 64
62 64
63 64
64 64
65 64
66 64
67 64
68 64
69 64
70 64
71 64
72 64
73 64
74 64
75 64
76 64
77 64
78 64
79 64
80 64
81 64
82 64
83 64
84 64
85 64
86 64
87 64
88 64
89 64
90 64
91 64
92 64
93 64
94 64
95 64
96 64
97 64
98 64
99 64
100 64
101 64
102 64
103 64
104 64
105 64
106 64
107 64
108 64
109 64
110 64
111 64
112 64
113 64
114 64
115 64
116 64
117 64
118 64
119 64
120 64
121 64
122 64
123 64
124 64
125 64
126 64
127 64
128 64
129 64
130 64
131 64
132 64
133 64
134 64
135 64
136 64
137 64
138 64
139 64
37 63
38 63
39 63
40 63
41 63
42 63
43 63
44 63
45 63
46 63
47 63
48 63
49 63
50 63
51 63
52 63
53 63
54 63
55 63
56 63
57 63
58 63
59 63
60 63
61 63
62 63
63 63
64 63
65 63
66 63
67 63
68 63
69 63
70 63
71 63
72 63
73 63
74 63
75 63
76 63
77 63
78 63
79 63
80 63
81 63
82 63
83 63
84 63
85 63
86 63
87 63
88 63
89 63
90 63
91 63
92 63
93 63
94 63
95 63
96 63
97 63
98 63
99 63
100 63
101 63
102 63
103 63
104 63
105 63
106 63
107 63
108 63
109 63
110 63
111 63
112 63
113 63
114 63
115 63
116 63
117 63
118 63
119 63
120 63
121 63
122 63
123 63
124 63
125 63
126 63
127 63
128 63
129 63
130 63
131 63
132 63
133 63
134 63
135 63
34 62
35 62
36 62
37 62
38 62
39 62
40 62
41 62
42 62
43 62
44 62
45 62
46 62
47 62
48 62
49 62
50 62
51 62
52 62
53 62
54 62
55 62
56 62
57 62
58 62
59 62
60 62
61 62
62 62
63 62
64 62
65 62
66 62
67 62
68 62
69 62
70 62
71 62
72 62
73 62
74 62
75 62
76 62
77 62
78 62
79 62
80 62
81 62
82 62
83 62
84 62
85 62
86 62
87 62
88 62
89 62
90 62
91 62
92 62
93 62
94 62
95 62
96 62
97 62
98 62
99 62
100 62
101 62
102 62
103 62
104 62
105 62
106 62
107 62
108 62
109 62
110 62
111 62
112 62
113 62
114 62
115 62
116 62
117 62
118 62
119 62
120 62
121 62
122 62
123 62
124 62
125 62
126 62
127 62
128 62
129 62
130 62
131 62
31 61
32 61
33 61
34 61
35 61
36 61
37 61
38 61
39 61
40 61
41 61
42 61
43 61
44 61
45 61
46 61
47 61
48 61
49 61
50 61
51 61
52 61
53 61
54 61
55 61
56 61
57 61
58 61
59 61
60 61
61 61
62 61
63 61
64 61
65 61
66 61
67 61
68 61
69 61
70 61
71 61
72 61
73 61
74 61
75 61
76 61
77 61
78 61
79 61
80 61
81 61
82 61
83 61
84 61
85 61
86 61
87 61
88 61
89 61
90 61
91 61
92 61
93 61
94 61
95 61
96 61
97 61
98 61
99 61
100 61
101 61
102 61
103 61
104 61
105 61
106 61
107 61
108 61
109 61
110 61
111 61
112 61
113 61
114 61
115 61
116 61
117 61
118 61
119 61
120 61
121 61
122 61
123 61
124 61
125 61
126 61
29 60
30 60
31 60
32 60
33 60
34 60
35 60
36 60
37 60
38 60
39 60
40 60
41 60
42 60
43 60
44 60
45 60
46 60
47 60
48 60
49 60
50 60
51 60
52 60
53 60
54 60
55 60
56 60
57 60
58 60
59 60
60 60
61 60
62 60
63 60
64 60
65 60
66 60
67 60
68 60
69 60
70 60
71 60
72 60
73 60
74 60
75 60
76 60
77 60
78 60
79 60
80 60
81 60
82 60
83 60
84 60
85 60
86 60
87 60
88 60
89 60
90 60
91 60
92 60
93 60
94 60
95 60
96 60
97 60
98 60
99 60
100 60
101 60
102 60
103 60
104 60
105 60
106 60
107 60
108 60
109 60
110 60
111 60
112 60
113 60
114 60
115 60
116 60
117 60
118 60
119 60
120 60
121 60
122 60
27 59
28 59
29 59
30 59
31 59
32 59
33 59
34 59
35 59
36 59
37 59
38 59
39 59
40 59
41 59
42 59
43 59
44 59
45 59
46 59
47 59
48 59
49 59
50 59
51 59
52 59
53 59
54 59
55 59
56 59
57 59
58 59
59 59
60 59
61 59
62 59
63 59
64 59
65 59
66 59
67 59
68 59
69 59
70 59
71 59
72 59
73 59
74 59
75 59
76 59
77 59
78 59
79 59
80 59
81 59
82 59
83 59
84 59
85 59
86 59
87 59
88 59
89 59
90 59
91 59
92 59
93 59
94 59
95 59
96 59
97 59
98 59
99 59
100 59
101 59
102 59
103 59
104 59
105 59
106 59
107 59
108 59
109 59
110 59
111 59
112 59
113 59
114 59
115 59
116 59
117 59
26 58
27 58
28 58
29 58
30 58
31 58
32 58
33 58
34 58
35 58
36 58
37 58
38 58
39 58
40 58
41 58
42 58
43 58
44 58
45 58
46 58
47 58
48 58
49 58
50 58
51 58
52 58
53 58
54 58
55 58
56 58
57 58
58 58
59 58
60 58
61 58
62 58
63 58
64 58
65 58
66 58
67 58
68 58
69 58
70 58
71 58
72 58
73 58
74 58
75 58
76 58
77 58
78 58
79 58
80 58
81 58
82 58
83 58
84 58
85 58
86 58
87 58
88 58
89 58
90 58
91 58
92 58
93 58
94 58
95 58
96 58
97 58
98 58
99 58
100 58
101 58
102 58
103 58
104 58
105 58
106 58
107 58
108 58
109 58
110 58
111 58
112 58
25 57
26 57
27 57
28 57
29 57
30 57
31 57
32 57
33 57
34 57
35 57
36 57
37 57
38 57
39 57
40 57
41 57
42 57
43 57
44 57
45 57
46 57
47 57
48 57
49 57
50 57
51 57
52 57
53 57
54 57
55 57
56 57
57 57
58 57
59 57
60 57
61 57
62 57
63 57
64 57
65 57
66 57
67 57
68 57
69 57
70 57
71 57
72 57
73 57
74 57
75 57
76 57
77 57
78 57
79 57
80 57
81 57
82 57
83 57
84 57
85 57
86 57
87 57
88 57
89 57
90 57
91 57
92 57
93 57
94 57
95 57
96 57
97 57
98 57
99 57
100 57
101 57
102 57
103 57
104 57
105 57
106 57
107 57
25 56
26 56
27 56
28 56
29 56
30 56
31 56
32 56
33 56
34 56
35 56
36 56
37 56
38 56
39 56
40 56
41 56
42 56
43 56
44 56
45 56
46 56
47 56
48 56
49 56
50 56
51 56
52 56
53 56
54 56
55 56
56 56
57 56
58 56
59 56
60 56
61 56
62 56
63 56
64 56
65 56
66 56
67 56
68 56
69 56
70 56
71 56
72 56
73 56
74 56
75 56
76 56
77 56
78 56
79 56
80 56
81 56
82 56
83 56
84 56
85 56
86 56
87 56
88 56
89 56
90 56
91 56
92 56
93 56
94 56
95 56
96 56
97 56
98 56
99 56
100 56
101 56
25 55
26 55
27 55
28 55
29 55
30 55
31 55
32 55
33 55
34 55
35 55
36 55
37 55
38 55
39 55
40 55
41 55
42 55
43 55
44 55
45 55
46 55
47 55
48 55
49 55
50 55
51 55
52 55
53 55
54 55
55 55
56 55
57 55
58 55
59 55
60 55
61 55
62 55
63 55
64 55
65 55
66 55
67 55
68 55
69 55
70 55
71 55
72 55
73 55
74 55
75 55
76 55
77 55
78 55
79 55
80 55
81 55
82 55
83 55
84 55
85 55
86 55
87 55
88 55
89 55
90 55
91 55
92 55
93 55
94 55
95 55
96 55
26 54
27 54
28 54
29 54
30 54
31 54
32 54
33 54
34 54
35 54
36 54
37 54
38 54
39 54
40 54
41 54
42 54
43 54
44 54
45 54
46 54
47 54
48 54
49 54
50 54
51 54
52 54
53 54
54 54
55 54
56 54
57 54
58 54
59 54
60 54
61 54
62 54
63 54
64 54
65 54
66 54
67 54
68 54
69 54
70 54
71 54
72 54
73 54
74 54
75 54
76 54
77 54
78 54
79 54
80 54
81 54
82 54
83 54
84 54
85 54
86 54
87 54
88 54
89 54
27 53
28 53
29 53
30 53
31 53
32 53
33 53
34 53
35 53
36 53
37 53
38 53
39 53
40 53
41 53
42 53
43 53
44 53
45 53
46 53
47 53
48 53
49 53
50 53
51 53
52 53
53 53
54 53
55 53
56 53
57 53
58 53
59 53
60 53
61 53
62 53
63 53
64 53
65 53
66 53
67 53
68 53
69 53
70 53
71 53
72 53
73 53
74 53
75 53
76 53
77 53
78 53
79 53
80 53
81 53
82 53
29 52
30 52
31 52
32 52
33 52
34 52
35 52
36 52
37 52
38 52
39 52
40 52
41 52
42 52
43 52
44 52
45 52
46 52
47 52
48 52
49 52
50 52
51 52
52 52
53 52
54 52
55 52
56 52
57 52
58 52
59 52
60 52
61 52
62 52
63 52
64 52
65 52
66 52
67 52
68 52
69 52
70 52
71 52
72 52
73 52
74 52
35 51
36 51
37 51
38 51
39 51
40 51
41 51
42 51
43 51
44 51
45 51
46 51
47 51
48 51
49 51
50 51
51 51
52 51
53 51
54 51
55 51
56 51
57 51
58 51
59 51
60 51
61 51
62 51
63 51
