2
250 200
500.0 8000 0.1
123 30
124 30
125 30
126 30
127 30
128 30
129 30
120 31
121 31
122 31
123 31
124 31
125 31
126 31
127 31
128 31
129 31
130 31
118 32
119 32
120 32
121 32
122 32
123 32
124 32
125 32
126 32
127 32
128 32
129 32
130 32
131 32
117 33
118 33
119 33
120 33
121 33
122 33
123 33
124 33
125 33
126 33
127 33
128 33
129 33
130 33
131 33
116 34
117 34
118 34
119 34
120 34
121 34
122 34
123 34
124 34
125 34
126 34
127 34
128 34
129 34
130 34
131 34
115 35
116 35
117 35
118 35
119 35
120 35
121 35
122 35
123 35
124 35
125 35
126 35
127 35
128 35
129 35
130 35
114 36
115 36
116 36
117 36
118 36
119 36
120 36
121 36
122 36
123 36
124 36
125 36
126 36
127 36
128 36
129 36
130 36
113 37
114 37
115 37
116 37
117 37
118 37
119 37
120 37
121 37
122 37
123 37
124 37
125 37
126 37
127 37
128 37
129 37
113 38
114 38
115 38
116 38
117 38
118 38
119 38
120 38
121 38
122 38
123 38
124 38
125 38
126 38
127 38
128 38
129 38
112 39
113 39
114 39
115 39
116 39
117 39
118 39
119 39
120 39
121 39
122 39
123 39
124 39
125 39
126 39
127 39
128 39
111 40
112 40
113 40
114 40
115 40
116 40
117 40
118 40
119 40
120 40
121 40
122 40
123 40
124 40
125 40
126 40
127 40
111 41
112 41
113 41
114 41
115 41
116 41
117 41
118 41
119 41
120 41
121 41
122 41
123 41
124 41
125 41
126 41
111 42
112 42
113 42
114 42
115 42
116 42
117 42
118 42
119 42
120 42
121 42
122 42
123 42
124 42
125 42
126 42
110 43
111 43
112 43
113 43
114 43
115 43
116 43
117 43
118 43
119 43
120 43
121 43
122 43
123 43
124 43
125 43
110 44
111 44
112 44
113 44
114 44
115 44
116 44
117 44
118 44
119 44
120 44
121 44
122 44
123 44
124 44
125 44
110 45
111 45
112 45
113 45
114 45
115 45
116 45
117 45
118 45
119 45
120 45
121 45
122 45
123 45
124 45
110 46
111 46
112 46
113 46
114 46
115 46
116 46
117 46
118 46
119 46
120 46
121 46
122 46
123 46
124 46
110 47
111 47
112 47
113 47
114 47
115 47
116 47
117 47
118 47
119 47
120 47
121 47
122 47
123 47
124 47
111 48
112 48
113 48
114 48
115 48
116 48
117 48
118 48
119 48
120 48
121 48
122 48
123 48
124 48
111 49
112 49
113 49
114 49
115 49
116 49
117 49
118 49
119 49
120 49
121 49
122 49
123 49
124 49
125 49
111 50
112 50
113 50
114 50
115 50
116 50
117 50
118 50
119 50
120 50
121 50
122 50
123 50
124 50
125 50
126 50
112 51
113 51
114 51
115 51
116 51
117 51
118 51
119 51
120 51
121 51
122 51
123 51
124 51
125 51
126 51
127 51
112 52
113 52
114 52
115 52
116 52
117 52
118 52
119 52
120 52
121 52
122 52
123 52
124 52
125 52
126 52
127 52
128 52
113 53
114 53
115 53
116 53
117 53
118 53
119 53
120 53
121 53
122 53
123 53
124 53
125 53
126 53
127 53
128 53
129 53
114 54
115 54
116 54
117 54
118 54
119 54
120 54
121 54
122 54
123 54
124 54
125 54
126 54
127 54
128 54
129 54
130 54
131 54
116 55
117 55
118 55
119 55
120 55
121 55
122 55
123 55
124 55
125 55
126 55
127 55
128 55
129 55
130 55
131 55
132 55
133 55
117 56
118 56
119 56
120 56
121 56
122 56
123 56
124 56
125 56
126 56
127 56
128 56
129 56
130 56
131 56
132 56
133 56
134 56
135 56
136 56
137 56
119 57
120 57
121 57
122 57
123 57
124 57
125 57
126 57
127 57
128 57
129 57
130 57
131 57
132 57
133 57
134 57
135 57
136 57
137 57
138 57
139 57
140 57
120 58
121 58
122 58
123 58
124 58
125 58
126 58
127 58
128 58
129 58
130 58
131 58
132 58
133 58
134 58
135 58
136 58
137 58
138 58
139 58
140 58
141 58
142 58
143 58
122 59
123 59
124 59
125 59
126 59
127 59
128 59
129 59
130 59
131 59
132 59
133 59
134 59
135 59
136 59
137 59
138 59
139 59
140 59
141 59
142 59
143 59
144 59
145 59
124 60
125 60
126 60
127 60
128 60
129 60
130 60
131 60
132 60
133 60
134 60
135 60
136 60
137 60
138 60
139 60
140 60
141 60
142 60
143 60
144 60
145 60
146 60
147 60
148 60
126 61
127 61
128 61
129 61
130 61
131 61
132 61
133 61
134 61
135 61
136 61
137 61
138 61
139 61
140 61
141 61
142 61
143 61
144 61
145 61
146 61
147 61
148 61
149 61
150 61
151 61
129 62
130 62
131 62
132 62
133 62
134 62
135 62
136 62
137 62
138 62
139 62
140 62
141 62
142 62
143 62
144 62
145 62
146 62
147 62
148 62
149 62
150 62
151 62
152 62
153 62
131 63
132 63
133 63
134 63
135 63
136 63
137 63
138 63
139 63
140 63
141 63
142 63
143 63
144 63
145 63
146 63
147 63
148 63
149 63
150 63
151 63
152 63
153 63
154 63
155 63
133 64
134 64
135 64
136 64
137 64
138 64
139 64
140 64
141 64
142 64
143 64
144 64
145 64
146 64
147 64
148 64
149 64
150 64
151 64
152 64
153 64
154 64
155 64
156 64
157 64
135 65
136 65
137 65
138 65
139 65
140 65
141 65
142 65
143 65
144 65
145 65
146 65
147 65
148 65
149 65
150 65
151 65
152 65
153 65
154 65
155 65
156 65
157 65
158 65
159 65
137 66
138 66
139 66
140 66
141 66
142 66
143 66
144 66
145 66
146 66
147 66
148 66
149 66
150 66
151 66
152 66
153 66
154 66
155 66
156 66
157 66
158 66
159 66
160 66
139 67
140 67
141 67
142 67
143 67
144 67
145 67
146 67
147 67
148 67
149 67
150 67
151 67
152 67
153 67
154 67
155 67
156 67
157 67
158 67
159 67
160 67
161 67
141 68
142 68
143 68
144 68
145 68
146 68
147 68
148 68
149 68
150 68
151 68
152 68
153 68
154 68
155 68
156 68
157 68
158 68
159 68
160 68
161 68
162 68
142 69
143 69
144 69
145 69
146 69
147 69
148 69
149 69
150 69
151 69
152 69
153 69
154 69
155 69
156 69
157 69
158 69
159 69
160 69
161 69
162 69
163 69
144 70
145 70
146 70
147 70
148 70
149 70
150 70
151 70
152 70
153 70
154 70
155 70
156 70
157 70
158 70
159 70
160 70
161 70
162 70
163 70
164 70
145 71
146 71
147 71
148 71
149 71
150 71
151 71
152 71
153 71
154 71
155 71
156 71
157 71
158 71
159 71
160 71
161 71
162 71
163 71
164 71
146 72
147 72
148 72
149 72
150 72
151 72
152 72
153 72
154 72
155 72
156 72
157 72
158 72
159 72
160 72
161 72
162 72
163 72
164 72
165 72
147 73
148 73
149 73
150 73
151 73
152 73
153 73
154 73
155 73
156 73
157 73
158 73
159 73
160 73
161 73
162 73
163 73
164 73
165 73
148 74
149 74
150 74
151 74
152 74
153 74
154 74
155 74
156 74
157 74
158 74
159 74
160 74
161 74
162 74
163 74
164 74
165 74
166 74
149 75
150 75
151 75
152 75
153 75
154 75
155 75
156 75
157 75
158 75
159 75
160 75
161 75
162 75
163 75
164 75
165 75
166 75
150 76
151 76
152 76
153 76
154 76
155 76
156 76
157 76
158 76
159 76
160 76
161 76
162 76
163 76
164 76
165 76
166 76
151 77
152 77
153 77
154 77
155 77
156 77
157 77
158 77
159 77
160 77
161 77
162 77
163 77
164 77
165 77
166 77
152 78
153 78
154 78
155 78
156 78
157 78
158 78
159 78
160 78
161 78
162 78
163 78
164 78
165 78
166 78
167 78
152 79
153 79
154 79
155 79
156 79
157 79
158 79
159 79
160 79
161 79
162 79
163 79
164 79
165 79
166 79
167 79
153 80
154 80
155 80
156 80
157 80
158 80
159 80
160 80
161 80
162 80
163 80
164 80
165 80
166 80
167 80
154 81
155 81
156 81
157 81
158 81
159 81
160 81
161 81
162 81
163 81
164 81
165 81
166 81
167 81
154 82
155 82
156 82
157 82
158 82
159 82
160 82
161 82
162 82
163 82
164 82
165 82
166 82
167 82
155 83
156 83
157 83
158 83
159 83
160 83
161 83
162 83
163 83
164 83
165 83
166 83
167 83
155 84
156 84
157 84
158 84
159 84
160 84
161 84
162 84
163 84
164 84
165 84
166 84
167 84
155 85
156 85
157 85
158 85
159 85
160 85
161 85
162 85
163 85
164 85
165 85
166 85
167 85
155 86
156 86
157 86
158 86
159 86
160 86
161 86
162 86
163 86
164 86
165 86
166 86
167 86
156 87
157 87
158 87
159 87
160 87
161 87
162 87
163 87
164 87
165 87
166 87
167 87
156 88
157 88
158 88
159 88
160 88
161 88
162 88
163 88
164 88
165 88
166 88
167 88
156 89
157 89
158 89
159 89
160 89
161 89
162 89
163 89
164 89
165 89
166 89
167 89
156 90
157 90
158 90
159 90
160 90
161 90
162 90
163 90
164 90
165 90
166 90
167 90
155 91
156 91
157 91
158 91
159 91
160 91
161 91
162 91
163 91
164 91
165 91
166 91
155 92
156 92
157 92
158 92
159 92
160 92
161 92
162 92
163 92
164 92
165 92
166 92
155 93
156 93
157 93
158 93
159 93
160 93
161 93
162 93
163 93
164 93
165 93
166 93
155 94
156 94
157 94
158 94
159 94
160 94
161 94
162 94
163 94
164 94
165 94
166 94
154 95
155 95
156 95
157 95
158 95
159 95
160 95
161 95
162 95
163 95
164 95
165 95
166 95
154 96
155 96
156 96
157 96
158 96
159 96
160 96
161 96
162 96
163 96
164 96
165 96
166 96
153 97
154 97
155 97
156 97
157 97
158 97
159 97
160 97
161 97
162 97
163 97
164 97
165 97
153 98
154 98
155 98
156 98
157 98
158 98
159 98
160 98
161 98
162 98
163 98
164 98
165 98
152 99
153 99
154 99
155 99
156 99
157 99
158 99
159 99
160 99
161 99
162 99
163 99
164 99
165 99
151 100
152 100
153 100
154 100
155 100
156 100
157 100
158 100
159 100
160 100
161 100
162 100
163 100
164 100
165 100
151 101
152 101
153 101
154 101
155 101
156 101
157 101
158 101
159 101
160 101
161 101
162 101
163 101
164 101
150 102
151 102
152 102
153 102
154 102
155 102
156 102
157 102
158 102
159 102
160 102
161 102
162 102
163 102
164 102
149 103
150 103
151 103
152 103
153 103
154 103
155 103
156 103
157 103
158 103
159 103
160 103
161 103
162 103
163 103
164 103
148 104
149 104
150 104
151 104
152 104
153 104
154 104
155 104
156 104
157 104
158 104
159 104
160 104
161 104
162 104
163 104
148 105
149 105
150 105
151 105
152 105
153 105
154 105
155 105
156 105
157 105
158 105
159 105
160 105
161 105
162 105
163 105
147 106
148 106
149 106
150 106
151 106
152 106
153 106
154 106
155 106
156 106
157 106
158 106
159 106
160 106
161 106
162 106
146 107
147 107
148 107
149 107
150 107
151 107
152 107
153 107
154 107
155 107
156 107
157 107
158 107
159 107
160 107
161 107
162 107
146 108
147 108
148 108
149 108
150 108
151 108
152 108
153 108
154 108
155 108
156 108
157 108
158 108
159 108
160 108
161 108
145 109
146 109
147 109
148 109
149 109
150 109
151 109
152 109
153 109
154 109
155 109
156 109
157 109
158 109
159 109
160 109
161 109
144 110
145 110
146 110
147 110
148 110
149 110
150 110
151 110
152 110
153 110
154 110
155 110
156 110
157 110
158 110
159 110
160 110
143 111
144 111
145 111
146 111
147 111
148 111
149 111
150 111
151 111
152 111
153 111
154 111
155 111
156 111
157 111
158 111
159 111
160 111
143 112
144 112
145 112
146 112
147 112
148 112
149 112
150 112
151 112
152 112
153 112
154 112
155 112
156 112
157 112
158 112
159 112
142 113
143 113
144 113
145 113
146 113
147 113
148 113
149 113
150 113
151 113
152 113
153 113
154 113
155 113
156 113
157 113
158 113
159 113
141 114
142 114
143 114
144 114
145 114
146 114
147 114
148 114
149 114
150 114
151 114
152 114
153 114
154 114
155 114
156 114
157 114
158 114
139 115
140 115
141 115
142 115
143 115
144 115
145 115
146 115
147 115
148 115
149 115
150 115
151 115
152 115
153 115
154 115
155 115
156 115
157 115
158 115
138 116
139 116
140 116
141 116
142 116
143 116
144 116
145 116
146 116
147 116
148 116
149 116
150 116
151 116
152 116
153 116
154 116
155 116
156 116
157 116
137 117
138 117
139 117
140 117
141 117
142 117
143 117
144 117
145 117
146 117
147 117
148 117
149 117
150 117
151 117
152 117
153 117
154 117
155 117
156 117
136 118
137 118
138 118
139 118
140 118
141 118
142 118
143 118
144 118
145 118
146 118
147 118
148 118
149 118
150 118
151 118
152 118
153 118
154 118
155 118
156 118
135 119
136 119
137 119
138 119
139 119
140 119
141 119
142 119
143 119
144 119
145 119
146 119
147 119
148 119
149 119
150 119
151 119
152 119
153 119
154 119
155 119
133 120
134 120
135 120
136 120
137 120
138 120
139 120
140 120
141 120
142 120
143 120
144 120
145 120
146 120
147 120
148 120
149 120
150 120
151 120
152 120
153 120
154 120
132 121
133 121
134 121
135 121
136 121
137 121
138 121
139 121
140 121
141 121
142 121
143 121
144 121
145 121
146 121
147 121
148 121
149 121
150 121
151 121
152 121
153 121
131 122
132 122
133 122
134 122
135 122
136 122
137 122
138 122
139 122
140 122
141 122
142 122
143 122
144 122
145 122
146 122
147 122
148 122
149 122
150 122
151 122
152 122
130 123
131 123
132 123
133 123
134 123
135 123
136 123
137 123
138 123
139 123
140 123
141 123
142 123
143 123
144 123
145 123
146 123
147 123
148 123
149 123
150 123
151 123
128 124
129 124
130 124
131 124
132 124
133 124
134 124
135 124
136 124
137 124
138 124
139 124
140 124
141 124
142 124
143 124
144 124
145 124
146 124
147 124
148 124
149 124
150 124
127 125
128 125
129 125
130 125
131 125
132 125
133 125
134 125
135 125
136 125
137 125
138 125
139 125
140 125
141 125
142 125
143 125
144 125
145 125
146 125
147 125
148 125
149 125
125 126
126 126
127 126
128 126
129 126
130 126
131 126
132 126
133 126
134 126
135 126
136 126
137 126
138 126
139 126
140 126
141 126
142 126
143 126
144 126
145 126
146 126
147 126
148 126
123 127
124 127
125 127
126 127
127 127
128 127
129 127
130 127
131 127
132 127
133 127
134 127
135 127
136 127
137 127
138 127
139 127
140 127
141 127
142 127
143 127
144 127
145 127
146 127
147 127
122 128
123 128
124 128
125 128
126 128
127 128
128 128
129 128
130 128
131 128
132 128
133 128
134 128
135 128
136 128
137 128
138 128
139 128
140 128
141 128
142 128
143 128
144 128
145 128
120 129
121 129
122 129
123 129
124 129
125 129
126 129
127 129
128 129
129 129
130 129
131 129
132 129
133 129
134 129
135 129
136 129
137 129
138 129
139 129
140 129
141 129
142 129
143 129
144 129
119 130
120 130
121 130
122 130
123 130
124 130
125 130
126 130
127 130
128 130
129 130
130 130
131 130
132 130
133 130
134 130
135 130
136 130
137 130
138 130
139 130
140 130
141 130
142 130
118 131
119 131
120 131
121 131
122 131
123 131
124 131
125 131
126 131
127 131
128 131
129 131
130 131
131 131
132 131
133 131
134 131
135 131
136 131
137 131
138 131
139 131
140 131
141 131
116 132
117 132
118 132
119 132
120 132
121 132
122 132
123 132
124 132
125 132
126 132
127 132
128 132
129 132
130 132
131 132
132 132
133 132
134 132
135 132
136 132
137 132
138 132
139 132
115 133
116 133
117 133
118 133
119 133
120 133
121 133
122 133
123 133
124 133
125 133
126 133
127 133
128 133
129 133
130 133
131 133
132 133
133 133
134 133
135 133
136 133
137 133
114 134
115 134
116 134
117 134
118 134
119 134
120 134
121 134
122 134
123 134
124 134
125 134
126 134
127 134
128 134
129 134
130 134
131 134
132 134
133 134
134 134
135 134
136 134
113 135
114 135
115 135
116 135
117 135
118 135
119 135
120 135
121 135
122 135
123 135
124 135
125 135
126 135
127 135
128 135
129 135
130 135
131 135
132 135
133 135
134 135
112 136
113 136
114 136
115 136
116 136
117 136
118 136
119 136
120 136
121 136
122 136
123 136
124 136
125 136
126 136
127 136
128 136
129 136
130 136
131 136
132 136
111 137
112 137
113 137
114 137
115 137
116 137
117 137
118 137
119 137
120 137
121 137
122 137
123 137
124 137
125 137
126 137
127 137
128 137
129 137
110 138
111 138
112 138
113 138
114 138
115 138
116 138
117 138
118 138
119 138
120 138
121 138
122 138
123 138
124 138
125 138
126 138
127 138
128 138
110 139
111 139
112 139
113 139
114 139
115 139
116 139
117 139
118 139
119 139
120 139
121 139
122 139
123 139
124 139
125 139
126 139
109 140
110 140
111 140
112 140
113 140
114 140
115 140
116 140
117 140
118 140
119 140
120 140
121 140
122 140
123 140
124 140
125 140
109 141
110 141
111 141
112 141
113 141
114 141
115 141
116 141
117 141
118 141
119 141
120 141
121 141
122 141
123 141
124 141
108 142
109 142
110 142
111 142
112 142
113 142
114 142
115 142
116 142
117 142
118 142
119 142
120 142
121 142
122 142
123 142
108 143
109 143
110 143
111 143
112 143
113 143
114 143
115 143
116 143
117 143
118 143
119 143
120 143
121 143
122 143
108 144
109 144
110 144
111 144
112 144
113 144
114 144
115 144
116 144
117 144
118 144
119 144
120 144
121 144
122 144
108 145
109 145
110 145
111 145
112 145
113 145
114 145
115 145
116 145
117 145
118 145
119 145
120 145
121 145
122 145
108 146
109 146
110 146
111 146
112 146
113 146
114 146
115 146
116 146
117 146
118 146
119 146
120 146
121 146
122 146
108 147
109 147
110 147
111 147
112 147
113 147
114 147
115 147
116 147
117 147
118 147
119 147
120 147
121 147
122 147
108 148
109 148
110 148
111 148
112 148
113 148
114 148
115 148
116 148
117 148
118 148
119 148
120 148
121 148
122 148
109 149
110 149
111 149
112 149
113 149
114 149
115 149
116 149
117 149
118 149
119 149
120 149
121 149
122 149
123 149
109 150
110 150
111 150
112 150
113 150
114 150
115 150
116 150
117 150
118 150
119 150
120 150
121 150
122 150
123 150
124 150
110 151
111 151
112 151
113 151
114 151
115 151
116 151
117 151
118 151
119 151
120 151
121 151
122 151
123 151
124 151
125 151
126 151
110 152
111 152
112 152
113 152
114 152
115 152
116 152
117 152
118 152
119 152
120 152
121 152
122 152
123 152
124 152
125 152
126 152
127 152
111 153
112 153
113 153
114 153
115 153
116 153
117 153
118 153
119 153
120 153
121 153
122 153
123 153
124 153
125 153
126 153
127 153
128 153
112 154
113 154
114 154
115 154
116 154
117 154
118 154
119 154
120 154
121 154
122 154
123 154
124 154
125 154
126 154
127 154
128 154
129 154
113 155
114 155
115 155
116 155
117 155
118 155
119 155
120 155
121 155
122 155
123 155
124 155
125 155
126 155
127 155
128 155
129 155
114 156
115 156
116 156
117 156
118 156
119 156
120 156
121 156
122 156
123 156
124 156
125 156
126 156
127 156
128 156
115 157
116 157
117 157
118 157
119 157
120 157
121 157
122 157
123 157
124 157
125 157
126 157
127 157
128 157
117 158
118 158
119 158
120 158
121 158
122 158
123 158
124 158
125 158
126 158
122 159
123 159
124 159
