2
300 300
500.0 40.0
100 100
100 101
100 102
100 103
101 100
101 101
101 102
101 103
101 104
101 105
102 100
102 101
102 102
102 103
102 104
102 105
102 106
102 107
103 100
103 101
103 102
103 103
103 104
103 105
103 106
103 107
103 108
104 100
104 101
104 102
104 103
104 104
104 105
104 106
104 107
104 108
104 109
105 100
105 101
105 102
105 103
105 104
105 105
105 106
105 107
105 108
105 109
105 110
105 111
106 101
106 102
106 103
106 104
106 105
106 106
106 107
106 108
106 109
106 110
106 111
106 112
107 101
107 102
107 103
107 104
107 105
107 106
107 107
107 108
107 109
107 110
107 111
107 112
107 113
108 102
108 103
108 104
108 105
108 106
108 107
108 108
108 109
108 110
108 111
108 112
108 113
108 114
108 115
109 102
109 103
109 104
109 105
109 106
109 107
109 108
109 109
109 110
109 111
109 112
109 113
109 114
109 115
109 116
110 103
110 104
110 105
110 106
110 107
110 108
110 109
110 110
110 111
110 112
110 113
110 114
110 115
110 116
110 117
111 104
111 105
111 106
111 107
111 108
111 109
111 110
111 111
111 112
111 113
111 114
111 115
111 116
111 117
111 118
112 104
112 105
112 106
112 107
112 108
112 109
112 110
112 111
112 112
112 113
112 114
112 115
112 116
112 117
112 118
112 119
113 105
113 106
113 107
113 108
113 109
113 110
113 111
113 112
113 113
113 114
113 115
113 116
113 117
113 118
113 119
113 120
114 106
114 107
114 108
114 109
114 110
114 111
114 112
114 113
114 114
114 115
114 116
114 117
114 118
114 119
114 120
114 121
115 106
115 107
115 108
115 109
115 110
115 111
115 112
115 113
115 114
115 115
115 116
115 117
115 118
115 119
115 120
115 121
115 122
115 123
116 107
116 108
116 109
116 110
116 111
116 112
116 113
116 114
116 115
116 116
116 117
116 118
116 119
116 120
116 121
116 122
116 123
116 124
117 108
117 109
117 110
117 111
117 112
117 113
117 114
117 115
117 116
117 117
117 118
117 119
117 120
117 121
117 122
117 123
117 124
117 125
118 109
118 110
118 111
118 112
118 113
118 114
118 115
118 116
118 117
118 118
118 119
118 120
118 121
118 122
118 123
118 124
118 125
118 126
119 109
119 110
119 111
119 112
119 113
119 114
119 115
119 116
119 117
119 118
119 119
119 120
119 121
119 122
119 123
119 124
119 125
119 126
119 127
120 110
120 111
120 112
120 113
120 114
120 115
120 116
120 117
120 118
120 119
120 120
120 121
120 122
120 123
120 124
120 125
120 126
120 127
120 128
121 111
121 112
121 113
121 114
121 115
121 116
121 117
121 118
121 119
121 120
121 121
121 122
121 123
121 124
121 125
121 126
121 127
121 128
121 129
122 112
122 113
122 114
122 115
122 116
122 117
122 118
122 119
122 120
122 121
122 122
122 123
122 124
122 125
122 126
122 127
122 128
122 129
122 130
123 113
123 114
123 115
123 116
123 117
123 118
123 119
123 120
123 121
123 122
123 123
123 124
123 125
123 126
123 127
123 128
123 129
123 130
123 131
124 113
124 114
124 115
124 116
124 117
124 118
124 119
124 120
124 121
124 122
124 123
124 124
124 125
124 126
124 127
124 128
124 129
124 130
124 131
124 132
125 114
125 115
125 116
125 117
125 118
125 119
125 120
125 121
125 122
125 123
125 124
125 125
125 126
125 127
125 128
125 129
125 130
125 131
125 132
125 133
126 115
126 116
126 117
126 118
126 119
126 120
126 121
126 122
126 123
126 124
126 125
126 126
126 127
126 128
126 129
126 130
126 131
126 132
126 133
126 134
127 116
127 117
127 118
127 119
127 120
127 121
127 122
127 123
127 124
127 125
127 126
127 127
127 128
127 129
127 130
127 131
127 132
127 133
127 134
127 135
128 117
128 118
128 119
128 120
128 121
128 122
128 123
128 124
128 125
128 126
128 127
128 128
128 129
128 130
128 131
128 132
128 133
128 134
128 135
128 136
129 118
129 119
129 120
129 121
129 122
129 123
129 124
129 125
129 126
129 127
129 128
129 129
129 130
129 131
129 132
129 133
129 134
129 135
129 136
129 137
130 119
130 120
130 121
130 122
130 123
130 124
130 125
130 126
130 127
130 128
130 129
130 130
130 131
130 132
130 133
130 134
130 135
130 136
130 137
130 138
131 120
131 121
131 122
131 123
131 124
131 125
131 126
131 127
131 128
131 129
131 130
131 131
131 132
131 133
131 134
131 135
131 136
131 137
131 138
131 139
132 120
132 121
132 122
132 123
132 124
132 125
132 126
132 127
132 128
132 129
132 130
132 131
132 132
132 133
132 134
132 135
132 136
132 137
132 138
132 139
132 140
133 121
133 122
133 123
133 124
133 125
133 126
133 127
133 128
133 129
133 130
133 131
133 132
133 133
133 134
133 135
133 136
133 137
133 138
133 139
133 140
133 141
134 123
134 124
134 125
134 126
134 127
134 128
134 129
134 130
134 131
134 132
134 133
134 134
134 135
134 136
134 137
134 138
134 139
134 140
134 141
134 142
135 123
135 124
135 125
135 126
135 127
135 128
135 129
135 130
135 131
135 132
135 133
135 134
135 135
135 136
135 137
135 138
135 139
135 140
135 141
135 142
135 143
136 124
136 125
136 126
136 127
136 128
136 129
136 130
136 131
136 132
136 133
136 134
136 135
136 136
136 137
136 138
136 139
136 140
136 141
136 142
136 143
136 144
137 125
137 126
137 127
137 128
137 129
137 130
137 131
137 132
137 133
137 134
137 135
137 136
137 137
137 138
137 139
137 140
137 141
137 142
137 143
137 144
137 145
138 126
138 127
138 128
138 129
138 130
138 131
138 132
138 133
138 134
138 135
138 136
138 137
138 138
138 139
138 140
138 141
138 142
138 143
138 144
138 145
138 146
139 127
139 128
139 129
139 130
139 131
139 132
139 133
139 134
139 135
139 136
139 137
139 138
139 139
139 140
139 141
139 142
139 143
139 144
139 145
139 146
139 147
140 128
140 129
140 130
140 131
140 132
140 133
140 134
140 135
140 136
140 137
140 138
140 139
140 140
140 141
140 142
140 143
140 144
140 145
140 146
140 147
140 148
141 129
141 130
141 131
141 132
141 133
141 134
141 135
141 136
141 137
141 138
141 139
141 140
141 141
141 142
141 143
141 144
141 145
141 146
141 147
141 148
142 130
142 131
142 132
142 133
142 134
142 135
142 136
142 137
142 138
142 139
142 140
142 141
142 142
142 143
142 144
142 145
142 146
142 147
142 148
142 149
142 150
143 131
143 132
143 133
143 134
143 135
143 136
143 137
143 138
143 139
143 140
143 141
143 142
143 143
143 144
143 145
143 146
143 147
143 148
143 149
143 150
143 151
144 132
144 133
144 134
144 135
144 136
144 137
144 138
144 139
144 140
144 141
144 142
144 143
144 144
144 145
144 146
144 147
144 148
144 149
144 150
144 151
145 133
145 134
145 135
145 136
145 137
145 138
145 139
145 140
145 141
145 142
145 143
145 144
145 145
145 146
145 147
145 148
145 149
145 150
145 151
145 152
146 134
146 135
146 136
146 137
146 138
146 139
146 140
146 141
146 142
146 143
146 144
146 145
146 146
146 147
146 148
146 149
146 150
146 151
146 152
146 153
146 154
147 135
147 136
147 137
147 138
147 139
147 140
147 141
147 142
147 143
147 144
147 145
147 146
147 147
147 148
147 149
147 150
147 151
147 152
147 153
147 154
148 136
148 137
148 138
148 139
148 140
148 141
148 142
148 143
148 144
148 145
148 146
148 147
148 148
148 149
148 150
148 151
148 152
148 153
148 154
148 155
149 137
149 138
149 139
149 140
149 141
149 142
149 143
149 144
149 145
149 146
149 147
149 148
149 149
149 150
149 151
149 152
149 153
149 154
149 155
149 156
150 138
150 139
150 140
150 141
150 142
150 143
150 144
150 145
150 146
150 147
150 148
150 149
150 150
150 151
150 152
150 153
150 154
150 155
150 156
150 157
151 139
151 140
151 141
151 142
151 143
151 144
151 145
151 146
151 147
151 148
151 149
151 150
151 151
151 152
151 153
151 154
151 155
151 156
151 157
151 158
152 140
152 141
152 142
152 143
152 144
152 145
152 146
152 147
152 148
152 149
152 150
152 151
152 152
152 153
152 154
152 155
152 156
152 157
152 158
152 159
153 141
153 142
153 143
153 144
153 145
153 146
153 147
153 148
153 149
153 150
153 151
153 152
153 153
153 154
153 155
153 156
153 157
153 158
153 159
153 160
154 142
154 143
154 144
154 145
154 146
154 147
154 148
154 149
154 150
154 151
154 152
154 153
154 154
154 155
154 156
154 157
154 158
154 159
154 160
155 143
155 144
155 145
155 146
155 147
155 148
155 149
155 150
155 151
155 152
155 153
155 154
155 155
155 156
155 157
155 158
155 159
155 160
155 161
155 162
156 144
156 145
156 146
156 147
156 148
156 149
156 150
156 151
156 152
156 153
156 154
156 155
156 156
156 157
156 158
156 159
156 160
156 161
156 162
156 163
157 145
157 146
157 147
157 148
157 149
157 150
157 151
157 152
157 153
157 154
157 155
157 156
157 157
157 158
157 159
157 160
157 161
157 162
157 163
158 146
158 147
158 148
158 149
158 150
158 151
158 152
158 153
158 154
158 155
158 156
158 157
158 158
158 159
158 160
158 161
158 162
158 163
158 164
159 147
159 148
159 149
159 150
159 151
159 152
159 153
159 154
159 155
159 156
159 157
159 158
159 159
159 160
159 161
159 162
159 163
159 164
159 165
159 166
160 148
160 149
160 150
160 151
160 152
160 153
160 154
160 155
160 156
160 157
160 158
160 159
160 160
160 161
160 162
160 163
160 164
160 165
160 166
161 149
161 150
161 151
161 152
161 153
161 154
161 155
161 156
161 157
161 158
161 159
161 160
161 161
161 162
161 163
161 164
161 165
161 166
161 167
162 151
162 152
162 153
162 154
162 155
162 156
162 157
162 158
162 159
162 160
162 161
162 162
162 163
162 164
162 165
162 166
162 167
162 168
163 151
163 152
163 153
163 154
163 155
163 156
163 157
163 158
163 159
163 160
163 161
163 162
163 163
163 164
163 165
163 166
163 167
163 168
163 169
164 152
164 153
164 154
164 155
164 156
164 157
164 158
164 159
164 160
164 161
164 162
164 163
164 164
164 165
164 166
164 167
164 168
164 169
164 170
165 154
165 155
165 156
165 157
165 158
165 159
165 160
165 161
165 162
165 163
165 164
165 165
165 166
165 167
165 168
165 169
165 170
165 171
166 154
166 155
166 156
166 157
166 158
166 159
166 160
166 161
166 162
166 163
166 164
166 165
166 166
166 167
166 168
166 169
166 170
166 171
166 172
167 156
167 157
167 158
167 159
167 160
167 161
167 162
167 163
167 164
167 165
167 166
167 167
167 168
167 169
167 170
167 171
167 172
168 157
168 158
168 159
168 160
168 161
168 162
168 163
168 164
168 165
168 166
168 167
168 168
168 169
168 170
168 171
168 172
168 173
169 158
169 159
169 160
169 161
169 162
169 163
169 164
169 165
169 166
169 167
169 168
169 169
169 170
169 171
169 172
169 173
169 174
169 175
170 159
170 160
170 161
170 162
170 163
170 164
170 165
170 166
170 167
170 168
170 169
170 170
170 171
170 172
170 173
170 174
170 175
171 160
171 161
171 162
171 163
171 164
171 165
171 166
171 167
171 168
171 169
171 170
171 171
171 172
171 173
171 174
171 175
171 176
172 161
172 162
172 163
172 164
172 165
172 166
172 167
172 168
172 169
172 170
172 171
172 172
172 173
172 174
172 175
172 176
172 177
173 162
173 163
173 164
173 165
173 166
173 167
173 168
173 169
173 170
173 171
173 172
173 173
173 174
173 175
173 176
173 177
173 178
174 163
174 164
174 165
174 166
174 167
174 168
174 169
174 170
174 171
174 172
174 173
174 174
174 175
174 176
174 177
174 178
174 179
175 164
175 165
175 166
175 167
175 168
175 169
175 170
175 171
175 172
175 173
175 174
175 175
175 176
175 177
175 178
175 179
175 180
176 166
176 167
176 168
176 169
176 170
176 171
176 172
176 173
176 174
176 175
176 176
176 177
176 178
176 179
176 180
177 166
177 167
177 168
177 169
177 170
177 171
177 172
177 173
177 174
177 175
177 176
177 177
177 178
177 179
177 180
177 181
177 182
178 168
178 169
178 170
178 171
178 172
178 173
178 174
178 175
178 176
178 177
178 178
178 179
178 180
178 181
178 182
179 169
179 170
179 171
179 172
179 173
179 174
179 175
179 176
179 177
179 178
179 179
179 180
179 181
179 182
179 183
180 170
180 171
180 172
180 173
180 174
180 175
180 176
180 177
180 178
180 179
180 180
180 181
180 182
180 183
180 184
181 171
181 172
181 173
181 174
181 175
181 176
181 177
181 178
181 179
181 180
181 181
181 182
181 183
181 184
181 185
182 172
182 173
182 174
182 175
182 176
182 177
182 178
182 179
182 180
182 181
182 182
182 183
182 184
182 185
182 186
183 173
183 174
183 175
183 176
183 177
183 178
183 179
183 180
183 181
183 182
183 183
183 184
183 185
183 186
183 187
184 175
184 176
184 177
184 178
184 179
184 180
184 181
184 182
184 183
184 184
184 185
184 186
184 187
184 188
185 176
185 177
185 178
185 179
185 180
185 181
185 182
185 183
185 184
185 185
185 186
185 187
185 188
185 189
186 177
186 178
186 179
186 180
186 181
186 182
186 183
186 184
186 185
186 186
186 187
186 188
186 189
187 178
187 179
187 180
187 181
187 182
187 183
187 184
187 185
187 186
187 187
187 188
187 189
187 190
188 179
188 180
188 181
188 182
188 183
188 184
188 185
188 186
188 187
188 188
188 189
188 190
188 191
189 180
189 181
189 182
189 183
189 184
189 185
189 186
189 187
189 188
189 189
189 190
189 191
189 192
190 182
190 183
190 184
190 185
190 186
190 187
190 188
190 189
190 190
190 191
190 192
190 193
191 182
191 183
191 184
191 185
191 186
191 187
191 188
191 189
191 190
191 191
191 192
191 193
191 194
192 184
192 185
192 186
192 187
192 188
192 189
192 190
192 191
192 192
192 193
192 194
192 195
193 185
193 186
193 187
193 188
193 189
193 190
193 191
193 192
193 193
193 194
193 195
194 186
194 187
194 188
194 189
194 190
194 191
194 192
194 193
194 194
194 195
194 196
194 197
195 187
195 188
195 189
195 190
195 191
195 192
195 193
195 194
195 195
195 196
195 197
196 189
196 190
196 191
196 192
196 193
196 194
196 195
196 196
196 197
196 198
197 190
197 191
197 192
197 193
197 194
197 195
197 196
197 197
197 198
197 199
198 190
198 191
198 192
198 193
198 194
198 195
198 196
198 197
198 198
198 199
198 200
199 192
199 193
199 194
199 195
199 196
199 197
199 198
199 199
199 200
199 201
200 193
200 194
200 195
200 196
200 197
200 198
200 199
200 200
200 201
200 202
201 194
201 195
201 196
201 197
201 198
201 199
201 200
201 201
201 202
202 195
202 196
202 197
202 198
202 199
202 200
202 201
202 202
202 203
203 197
203 198
203 199
203 200
203 201
203 202
203 203
203 204
204 198
204 199
204 200
204 201
204 202
204 203
204 204
204 205
205 199
205 200
205 201
205 202
205 203
205 204
205 205
205 206
206 200
206 201
206 202
206 203
206 204
206 205
206 206
206 207
207 201
207 202
207 203
207 204
207 205
207 206
207 207
207 208
208 202
208 203
208 204
208 205
208 206
208 207
208 208
209 204
209 205
209 206
209 207
209 208
209 209
210 205
210 206
210 207
210 208
210 209
210 210
211 206
211 207
211 208
211 209
211 210
211 211
212 207
212 208
212 209
212 210
212 211
212 212
213 208
213 209
213 210
213 211
213 212
213 213
214 210
214 211
214 212
214 213
214 214
215 211
215 212
215 213
215 214
216 212
216 213
216 214
216 215
217 213
217 214
217 215
217 216
218 214
218 215
218 216
218 217
219 216
219 217
219 218
220 217
220 218
220 219
221 218
221 219
222 219
