2
200 300
600.0 20000 0.03
45 41
46 41
47 41
48 41
49 41
50 41
51 41
43 42
44 42
45 42
46 42
47 42
48 42
49 42
50 42
51 42
52 42
42 43
43 43
44 43
45 43
46 43
47 43
48 43
49 43
50 43
51 43
52 43
53 43
54 43
41 44
42 44
43 44
44 44
45 44
46 44
47 44
48 44
49 44
50 44
51 44
52 44
53 44
54 44
55 44
38 45
39 45
40 45
41 45
42 45
43 45
44 45
45 45
46 45
47 45
48 45
49 45
50 45
51 45
52 45
53 45
54 45
55 45
56 45
38 46
39 46
40 46
41 46
42 46
43 46
44 46
45 46
46 46
47 46
48 46
49 46
50 46
51 46
52 46
53 46
54 46
55 46
56 46
57 46
37 47
38 47
39 47
40 47
41 47
42 47
43 47
44 47
45 47
46 47
47 47
48 47
49 47
50 47
51 47
52 47
53 47
54 47
55 47
56 47
57 47
36 48
37 48
38 48
39 48
40 48
41 48
42 48
43 48
44 48
45 48
46 48
47 48
48 48
49 48
50 48
51 48
52 48
53 48
54 48
55 48
56 48
57 48
58 48
35 49
36 49
37 49
38 49
39 49
40 49
41 49
42 49
43 49
44 49
45 49
46 49
47 49
48 49
49 49
50 49
51 49
52 49
53 49
54 49
55 49
56 49
57 49
58 49
59 49
33 50
34 50
35 50
36 50
37 50
38 50
39 50
40 50
41 50
42 50
43 50
44 50
45 50
46 50
47 50
48 50
49 50
50 50
51 50
52 50
53 50
54 50
55 50
56 50
57 50
58 50
59 50
32 51
33 51
34 51
35 51
36 51
37 51
38 51
39 51
40 51
41 51
42 51
43 51
44 51
45 51
46 51
47 51
48 51
49 51
50 51
51 51
52 51
53 51
54 51
55 51
56 51
57 51
58 51
59 51
60 51
32 52
33 52
34 52
35 52
36 52
37 52
38 52
39 52
40 52
41 52
42 52
43 52
44 52
45 52
46 52
47 52
48 52
49 52
50 52
51 52
52 52
53 52
54 52
55 52
56 52
57 52
58 52
59 52
60 52
31 53
32 53
33 53
34 53
35 53
36 53
37 53
38 53
39 53
40 53
41 53
42 53
43 53
44 53
45 53
46 53
47 53
48 53
49 53
50 53
51 53
52 53
53 53
54 53
55 53
56 53
57 53
58 53
59 53
60 53
31 54
32 54
33 54
34 54
35 54
36 54
37 54
38 54
39 54
40 54
41 54
42 54
43 54
44 54
45 54
46 54
47 54
48 54
49 54
50 54
51 54
52 54
53 54
54 54
55 54
56 54
57 54
58 54
59 54
60 54
30 55
31 55
32 55
33 55
34 55
35 55
36 55
37 55
38 55
39 55
40 55
41 55
42 55
43 55
44 55
45 55
46 55
47 55
48 55
49 55
50 55
51 55
52 55
53 55
54 55
55 55
56 55
57 55
58 55
59 55
60 55
72 55
74 55
75 55
76 55
77 55
78 55
79 55
80 55
30 56
31 56
32 56
33 56
34 56
35 56
36 56
37 56
38 56
39 56
40 56
41 56
42 56
43 56
44 56
45 56
46 56
47 56
48 56
49 56
50 56
51 56
52 56
53 56
54 56
55 56
56 56
57 56
58 56
59 56
60 56
61 56
68 56
69 56
70 56
71 56
72 56
73 56
74 56
75 56
76 56
77 56
78 56
79 56
80 56
81 56
82 56
83 56
30 57
31 57
32 57
33 57
34 57
35 57
36 57
37 57
38 57
39 57
40 57
41 57
42 57
43 57
44 57
45 57
46 57
47 57
48 57
49 57
50 57
51 57
52 57
53 57
54 57
55 57
56 57
57 57
58 57
59 57
60 57
61 57
66 57
67 57
68 57
69 57
70 57
71 57
72 57
73 57
74 57
75 57
76 57
77 57
78 57
79 57
80 57
81 57
82 57
83 57
84 57
85 57
30 58
31 58
32 58
33 58
34 58
35 58
36 58
37 58
38 58
39 58
40 58
41 58
42 58
43 58
44 58
45 58
46 58
47 58
48 58
49 58
50 58
51 58
52 58
53 58
54 58
55 58
56 58
57 58
58 58
59 58
60 58
61 58
62 58
65 58
66 58
67 58
68 58
69 58
70 58
71 58
72 58
73 58
74 58
75 58
76 58
77 58
78 58
79 58
80 58
81 58
82 58
83 58
84 58
85 58
86 58
87 58
88 58
31 59
32 59
33 59
34 59
35 59
36 59
37 59
38 59
39 59
40 59
41 59
42 59
43 59
44 59
45 59
46 59
47 59
48 59
49 59
50 59
51 59
52 59
53 59
54 59
55 59
56 59
57 59
58 59
59 59
60 59
61 59
62 59
65 59
66 59
67 59
68 59
69 59
70 59
71 59
72 59
73 59
74 59
75 59
76 59
77 59
78 59
79 59
80 59
81 59
82 59
83 59
84 59
85 59
86 59
87 59
88 59
89 59
90 59
31 60
32 60
33 60
34 60
35 60
36 60
37 60
38 60
39 60
40 60
41 60
42 60
43 60
44 60
45 60
46 60
47 60
48 60
49 60
50 60
51 60
52 60
53 60
54 60
55 60
56 60
57 60
58 60
59 60
60 60
61 60
62 60
63 60
64 60
65 60
66 60
67 60
68 60
69 60
70 60
71 60
72 60
73 60
74 60
75 60
76 60
77 60
78 60
79 60
80 60
81 60
82 60
83 60
84 60
85 60
86 60
87 60
88 60
89 60
90 60
91 60
92 60
32 61
33 61
34 61
35 61
36 61
37 61
38 61
39 61
40 61
41 61
42 61
43 61
44 61
45 61
46 61
47 61
48 61
49 61
50 61
51 61
52 61
53 61
54 61
55 61
56 61
57 61
58 61
59 61
60 61
61 61
62 61
63 61
64 61
65 61
66 61
67 61
68 61
69 61
70 61
71 61
72 61
73 61
74 61
75 61
76 61
77 61
78 61
79 61
80 61
81 61
82 61
83 61
84 61
85 61
86 61
87 61
88 61
89 61
90 61
91 61
92 61
93 61
94 61
33 62
37 62
38 62
39 62
40 62
41 62
42 62
43 62
44 62
45 62
46 62
47 62
48 62
49 62
50 62
51 62
52 62
53 62
54 62
55 62
56 62
57 62
58 62
59 62
60 62
61 62
62 62
63 62
64 62
65 62
66 62
67 62
68 62
69 62
70 62
71 62
72 62
73 62
74 62
75 62
76 62
77 62
78 62
79 62
80 62
81 62
82 62
83 62
84 62
85 62
86 62
87 62
88 62
89 62
90 62
91 62
92 62
93 62
94 62
95 62
96 62
39 63
40 63
41 63
42 63
43 63
44 63
45 63
46 63
47 63
48 63
49 63
50 63
51 63
52 63
53 63
54 63
55 63
56 63
57 63
58 63
59 63
60 63
61 63
62 63
63 63
64 63
65 63
66 63
67 63
68 63
69 63
70 63
71 63
72 63
73 63
74 63
75 63
76 63
77 63
78 63
79 63
80 63
81 63
82 63
83 63
84 63
85 63
86 63
87 63
88 63
89 63
90 63
91 63
92 63
93 63
94 63
95 63
96 63
97 63
98 63
40 64
41 64
42 64
43 64
44 64
45 64
46 64
47 64
48 64
49 64
50 64
51 64
52 64
53 64
54 64
55 64
56 64
57 64
58 64
59 64
60 64
61 64
62 64
63 64
64 64
65 64
66 64
67 64
68 64
69 64
70 64
71 64
72 64
73 64
74 64
75 64
76 64
77 64
78 64
79 64
80 64
81 64
82 64
83 64
84 64
85 64
86 64
87 64
88 64
89 64
90 64
91 64
92 64
93 64
94 64
95 64
96 64
97 64
98 64
99 64
40 65
41 65
42 65
43 65
44 65
45 65
46 65
47 65
48 65
49 65
50 65
51 65
52 65
53 65
54 65
55 65
56 65
57 65
58 65
59 65
60 65
61 65
62 65
63 65
64 65
65 65
66 65
67 65
68 65
69 65
70 65
71 65
72 65
73 65
74 65
75 65
76 65
77 65
78 65
79 65
80 65
81 65
82 65
83 65
84 65
85 65
86 65
87 65
88 65
89 65
90 65
91 65
92 65
93 65
94 65
95 65
96 65
97 65
98 65
99 65
100 65
101 65
42 66
43 66
44 66
45 66
46 66
47 66
48 66
49 66
50 66
51 66
52 66
53 66
54 66
55 66
56 66
57 66
58 66
59 66
60 66
61 66
62 66
63 66
64 66
65 66
66 66
67 66
68 66
69 66
70 66
71 66
72 66
73 66
74 66
75 66
76 66
77 66
78 66
79 66
80 66
81 66
82 66
83 66
84 66
85 66
86 66
87 66
88 66
89 66
90 66
91 66
92 66
93 66
94 66
95 66
96 66
97 66
98 66
99 66
100 66
101 66
102 66
42 67
43 67
44 67
45 67
46 67
47 67
48 67
49 67
50 67
51 67
52 67
53 67
54 67
55 67
56 67
57 67
58 67
59 67
60 67
61 67
62 67
63 67
64 67
65 67
66 67
67 67
68 67
69 67
70 67
71 67
72 67
73 67
74 67
75 67
76 67
77 67
78 67
79 67
80 67
81 67
82 67
83 67
84 67
85 67
86 67
87 67
88 67
89 67
90 67
91 67
92 67
93 67
94 67
95 67
96 67
97 67
98 67
99 67
100 67
101 67
102 67
103 67
104 67
42 68
43 68
44 68
45 68
46 68
47 68
48 68
49 68
50 68
51 68
52 68
53 68
54 68
55 68
56 68
57 68
58 68
59 68
60 68
61 68
62 68
63 68
64 68
65 68
66 68
67 68
68 68
69 68
70 68
71 68
72 68
73 68
74 68
75 68
76 68
77 68
78 68
79 68
80 68
81 68
82 68
83 68
84 68
85 68
86 68
87 68
88 68
89 68
90 68
91 68
92 68
93 68
94 68
95 68
96 68
97 68
98 68
99 68
100 68
101 68
102 68
103 68
104 68
105 68
43 69
44 69
45 69
46 69
47 69
48 69
49 69
50 69
51 69
52 69
53 69
54 69
55 69
56 69
57 69
58 69
59 69
60 69
61 69
62 69
63 69
64 69
65 69
66 69
67 69
68 69
69 69
70 69
71 69
72 69
73 69
74 69
75 69
76 69
77 69
78 69
79 69
80 69
81 69
82 69
83 69
84 69
85 69
86 69
87 69
88 69
89 69
90 69
91 69
92 69
93 69
94 69
95 69
96 69
97 69
98 69
99 69
100 69
101 69
102 69
103 69
104 69
105 69
106 69
107 69
44 70
45 70
46 70
47 70
48 70
49 70
50 70
51 70
52 70
53 70
54 70
55 70
56 70
57 70
58 70
59 70
60 70
61 70
62 70
63 70
64 70
65 70
66 70
67 70
68 70
69 70
70 70
71 70
72 70
73 70
74 70
75 70
76 70
77 70
78 70
79 70
80 70
81 70
82 70
83 70
84 70
85 70
86 70
87 70
88 70
89 70
90 70
91 70
92 70
93 70
94 70
95 70
96 70
97 70
98 70
99 70
100 70
101 70
102 70
103 70
104 70
105 70
106 70
107 70
108 70
45 71
46 71
47 71
48 71
49 71
50 71
51 71
52 71
53 71
54 71
55 71
56 71
57 71
58 71
59 71
60 71
61 71
62 71
63 71
64 71
65 71
66 71
67 71
68 71
69 71
70 71
71 71
72 71
73 71
74 71
75 71
76 71
77 71
78 71
79 71
80 71
81 71
82 71
83 71
84 71
85 71
86 71
87 71
88 71
89 71
90 71
91 71
92 71
93 71
94 71
95 71
96 71
97 71
98 71
99 71
100 71
101 71
102 71
103 71
104 71
105 71
106 71
107 71
108 71
46 72
47 72
48 72
49 72
50 72
51 72
52 72
53 72
54 72
55 72
56 72
57 72
58 72
59 72
60 72
61 72
62 72
63 72
64 72
65 72
66 72
67 72
68 72
69 72
70 72
71 72
72 72
73 72
74 72
75 72
76 72
77 72
78 72
79 72
80 72
81 72
82 72
83 72
84 72
85 72
86 72
87 72
88 72
89 72
90 72
91 72
92 72
93 72
94 72
95 72
96 72
97 72
98 72
99 72
100 72
101 72
102 72
103 72
104 72
105 72
106 72
107 72
108 72
109 72
48 73
49 73
50 73
51 73
52 73
53 73
54 73
55 73
56 73
57 73
58 73
59 73
60 73
61 73
62 73
63 73
64 73
65 73
66 73
67 73
68 73
69 73
70 73
71 73
72 73
73 73
74 73
75 73
76 73
77 73
78 73
79 73
80 73
81 73
82 73
83 73
84 73
85 73
86 73
87 73
88 73
89 73
90 73
91 73
92 73
93 73
94 73
95 73
96 73
97 73
98 73
99 73
100 73
101 73
102 73
103 73
104 73
105 73
106 73
107 73
108 73
109 73
50 74
51 74
52 74
53 74
54 74
55 74
56 74
57 74
58 74
59 74
60 74
61 74
62 74
63 74
64 74
65 74
66 74
67 74
68 74
69 74
70 74
71 74
72 74
73 74
74 74
75 74
76 74
77 74
78 74
79 74
80 74
81 74
82 74
83 74
84 74
85 74
86 74
87 74
88 74
89 74
90 74
91 74
92 74
93 74
94 74
95 74
96 74
97 74
98 74
99 74
100 74
101 74
102 74
103 74
104 74
105 74
106 74
107 74
108 74
109 74
110 74
52 75
57 75
58 75
59 75
60 75
61 75
62 75
63 75
64 75
65 75
66 75
67 75
68 75
69 75
70 75
71 75
72 75
73 75
74 75
75 75
76 75
77 75
78 75
79 75
80 75
81 75
82 75
83 75
84 75
85 75
86 75
87 75
88 75
89 75
90 75
91 75
92 75
93 75
94 75
95 75
96 75
97 75
98 75
99 75
100 75
101 75
102 75
103 75
104 75
105 75
106 75
107 75
108 75
109 75
110 75
59 76
60 76
61 76
62 76
63 76
64 76
65 76
66 76
67 76
68 76
69 76
70 76
71 76
72 76
73 76
74 76
75 76
76 76
77 76
78 76
79 76
80 76
81 76
82 76
83 76
84 76
85 76
86 76
87 76
88 76
89 76
90 76
91 76
92 76
93 76
94 76
95 76
96 76
97 76
98 76
99 76
100 76
101 76
102 76
103 76
104 76
105 76
106 76
107 76
108 76
109 76
110 76
111 76
60 77
61 77
62 77
63 77
64 77
65 77
66 77
67 77
68 77
69 77
70 77
71 77
72 77
73 77
74 77
75 77
76 77
77 77
78 77
79 77
80 77
81 77
82 77
83 77
84 77
85 77
86 77
87 77
88 77
89 77
90 77
91 77
92 77
93 77
94 77
95 77
96 77
97 77
98 77
99 77
100 77
101 77
102 77
103 77
104 77
105 77
106 77
107 77
108 77
109 77
110 77
111 77
112 77
60 78
61 78
62 78
63 78
64 78
65 78
66 78
67 78
68 78
69 78
70 78
71 78
72 78
73 78
74 78
75 78
76 78
77 78
78 78
79 78
80 78
81 78
82 78
83 78
84 78
85 78
86 78
87 78
88 78
89 78
90 78
91 78
92 78
93 78
94 78
95 78
96 78
97 78
98 78
99 78
100 78
101 78
102 78
103 78
104 78
105 78
106 78
107 78
108 78
109 78
110 78
111 78
112 78
60 79
61 79
62 79
63 79
64 79
65 79
66 79
67 79
68 79
69 79
70 79
71 79
72 79
73 79
74 79
75 79
76 79
77 79
78 79
79 79
80 79
81 79
82 79
83 79
84 79
85 79
86 79
87 79
88 79
89 79
90 79
91 79
92 79
93 79
94 79
95 79
96 79
97 79
98 79
99 79
100 79
101 79
102 79
103 79
104 79
105 79
106 79
107 79
108 79
109 79
110 79
111 79
112 79
113 79
61 80
62 80
63 80
64 80
65 80
66 80
67 80
68 80
69 80
70 80
71 80
72 80
73 80
74 80
75 80
76 80
77 80
78 80
79 80
80 80
81 80
82 80
83 80
84 80
85 80
86 80
87 80
88 80
89 80
90 80
91 80
92 80
93 80
94 80
95 80
96 80
97 80
98 80
99 80
100 80
101 80
102 80
103 80
104 80
105 80
106 80
107 80
108 80
109 80
110 80
111 80
112 80
113 80
61 81
62 81
63 81
64 81
65 81
66 81
67 81
68 81
69 81
70 81
71 81
72 81
73 81
74 81
75 81
76 81
77 81
78 81
79 81
80 81
81 81
82 81
83 81
84 81
85 81
86 81
87 81
88 81
89 81
90 81
91 81
92 81
93 81
94 81
95 81
96 81
97 81
98 81
99 81
100 81
101 81
102 81
103 81
104 81
105 81
106 81
107 81
108 81
109 81
110 81
111 81
112 81
113 81
114 81
62 82
63 82
64 82
65 82
66 82
67 82
68 82
69 82
70 82
71 82
72 82
73 82
74 82
75 82
76 82
77 82
78 82
79 82
80 82
81 82
82 82
83 82
84 82
85 82
86 82
87 82
88 82
89 82
90 82
91 82
92 82
93 82
94 82
95 82
96 82
97 82
98 82
99 82
100 82
101 82
102 82
103 82
104 82
105 82
106 82
107 82
108 82
109 82
110 82
111 82
112 82
113 82
114 82
14 83
15 83
62 83
63 83
64 83
65 83
66 83
67 83
68 83
69 83
70 83
71 83
72 83
73 83
74 83
75 83
76 83
77 83
78 83
79 83
80 83
81 83
82 83
83 83
84 83
85 83
86 83
87 83
88 83
89 83
90 83
91 83
92 83
93 83
94 83
95 83
96 83
97 83
98 83
99 83
100 83
101 83
102 83
103 83
104 83
105 83
106 83
107 83
108 83
109 83
110 83
111 83
112 83
113 83
114 83
115 83
14 84
15 84
16 84
62 84
63 84
64 84
65 84
66 84
67 84
68 84
69 84
70 84
71 84
72 84
73 84
74 84
75 84
76 84
77 84
78 84
79 84
80 84
81 84
82 84
83 84
84 84
85 84
86 84
87 84
88 84
89 84
90 84
91 84
92 84
93 84
94 84
95 84
96 84
97 84
98 84
99 84
100 84
101 84
102 84
103 84
104 84
105 84
106 84
107 84
108 84
109 84
110 84
111 84
112 84
113 84
114 84
115 84
11 85
15 85
16 85
17 85
18 85
23 85
24 85
62 85
63 85
64 85
65 85
66 85
67 85
68 85
69 85
70 85
71 85
72 85
73 85
74 85
75 85
76 85
77 85
78 85
79 85
80 85
81 85
82 85
83 85
84 85
85 85
86 85
87 85
88 85
89 85
90 85
91 85
92 85
93 85
94 85
95 85
96 85
97 85
98 85
99 85
100 85
101 85
102 85
103 85
104 85
105 85
106 85
107 85
108 85
109 85
110 85
111 85
112 85
113 85
114 85
115 85
116 85
11 86
12 86
13 86
17 86
18 86
19 86
23 86
24 86
62 86
63 86
64 86
65 86
66 86
67 86
68 86
69 86
70 86
71 86
72 86
73 86
74 86
75 86
76 86
77 86
78 86
79 86
80 86
81 86
82 86
83 86
84 86
85 86
86 86
87 86
88 86
89 86
90 86
91 86
92 86
93 86
94 86
95 86
96 86
97 86
98 86
99 86
100 86
101 86
102 86
103 86
104 86
105 86
106 86
107 86
108 86
109 86
110 86
111 86
112 86
113 86
114 86
115 86
116 86
12 87
13 87
14 87
18 87
19 87
20 87
23 87
24 87
62 87
63 87
64 87
65 87
66 87
67 87
68 87
69 87
70 87
71 87
72 87
73 87
74 87
75 87
76 87
77 87
78 87
79 87
80 87
81 87
82 87
83 87
84 87
85 87
86 87
87 87
88 87
89 87
90 87
91 87
92 87
93 87
94 87
95 87
96 87
97 87
98 87
99 87
100 87
101 87
102 87
103 87
104 87
105 87
106 87
107 87
108 87
109 87
110 87
111 87
112 87
113 87
114 87
115 87
116 87
12 88
13 88
14 88
15 88
16 88
19 88
20 88
21 88
23 88
24 88
25 88
62 88
63 88
64 88
65 88
66 88
67 88
68 88
69 88
70 88
71 88
72 88
73 88
74 88
75 88
76 88
77 88
78 88
79 88
80 88
81 88
82 88
83 88
84 88
85 88
86 88
87 88
88 88
89 88
90 88
91 88
92 88
93 88
94 88
95 88
96 88
97 88
98 88
99 88
100 88
101 88
102 88
103 88
104 88
105 88
106 88
107 88
108 88
109 88
110 88
111 88
112 88
113 88
114 88
115 88
116 88
117 88
11 89
12 89
13 89
15 89
16 89
17 89
20 89
21 89
22 89
24 89
25 89
62 89
63 89
64 89
65 89
66 89
67 89
68 89
69 89
70 89
71 89
72 89
73 89
74 89
75 89
76 89
77 89
78 89
79 89
80 89
81 89
82 89
83 89
84 89
85 89
86 89
87 89
88 89
89 89
90 89
91 89
92 89
93 89
94 89
95 89
96 89
97 89
98 89
99 89
100 89
101 89
102 89
103 89
104 89
105 89
106 89
107 89
108 89
109 89
110 89
111 89
112 89
113 89
114 89
115 89
116 89
117 89
12 90
13 90
14 90
17 90
18 90
20 90
21 90
22 90
24 90
25 90
26 90
62 90
63 90
64 90
65 90
66 90
67 90
68 90
69 90
70 90
71 90
72 90
73 90
74 90
75 90
76 90
77 90
78 90
79 90
80 90
81 90
82 90
83 90
84 90
85 90
86 90
87 90
88 90
89 90
90 90
91 90
92 90
93 90
94 90
95 90
96 90
97 90
98 90
99 90
100 90
101 90
102 90
103 90
104 90
105 90
106 90
107 90
108 90
109 90
110 90
111 90
112 90
113 90
114 90
115 90
116 90
117 90
118 90
14 91
15 91
18 91
19 91
20 91
21 91
22 91
23 91
24 91
25 91
26 91
62 91
63 91
64 91
65 91
66 91
67 91
68 91
69 91
70 91
71 91
72 91
73 91
74 91
75 91
76 91
77 91
78 91
79 91
80 91
81 91
82 91
83 91
84 91
85 91
86 91
87 91
88 91
89 91
90 91
91 91
92 91
93 91
94 91
95 91
96 91
97 91
98 91
99 91
100 91
101 91
102 91
103 91
104 91
105 91
106 91
107 91
108 91
109 91
110 91
111 91
112 91
113 91
114 91
115 91
116 91
117 91
118 91
12 92
13 92
15 92
16 92
18 92
19 92
20 92
21 92
22 92
23 92
24 92
25 92
26 92
27 92
62 92
63 92
64 92
65 92
66 92
67 92
68 92
69 92
70 92
71 92
72 92
73 92
74 92
75 92
76 92
77 92
78 92
79 92
80 92
81 92
82 92
83 92
84 92
85 92
86 92
87 92
88 92
89 92
90 92
91 92
92 92
93 92
94 92
95 92
96 92
97 92
98 92
99 92
100 92
101 92
102 92
103 92
104 92
105 92
106 92
107 92
108 92
109 92
110 92
111 92
112 92
113 92
114 92
115 92
116 92
117 92
118 92
119 92
13 93
14 93
16 93
17 93
18 93
19 93
20 93
21 93
22 93
23 93
24 93
25 93
26 93
27 93
62 93
63 93
64 93
65 93
66 93
67 93
68 93
69 93
70 93
71 93
72 93
73 93
74 93
75 93
76 93
77 93
78 93
79 93
80 93
81 93
82 93
83 93
84 93
85 93
86 93
87 93
88 93
89 93
90 93
91 93
92 93
93 93
94 93
95 93
96 93
97 93
98 93
99 93
100 93
101 93
102 93
103 93
104 93
105 93
106 93
107 93
108 93
109 93
110 93
111 93
112 93
113 93
114 93
115 93
116 93
117 93
118 93
119 93
14 94
15 94
17 94
18 94
19 94
20 94
21 94
22 94
23 94
24 94
25 94
26 94
27 94
61 94
62 94
63 94
64 94
65 94
66 94
67 94
68 94
69 94
70 94
71 94
72 94
73 94
74 94
75 94
76 94
77 94
78 94
79 94
80 94
81 94
82 94
83 94
84 94
85 94
86 94
87 94
88 94
89 94
90 94
91 94
92 94
93 94
94 94
95 94
96 94
97 94
98 94
99 94
100 94
101 94
102 94
103 94
104 94
105 94
106 94
107 94
108 94
109 94
110 94
111 94
112 94
113 94
114 94
115 94
116 94
117 94
118 94
119 94
15 95
16 95
17 95
18 95
19 95
20 95
21 95
22 95
23 95
24 95
25 95
26 95
27 95
60 95
61 95
62 95
63 95
64 95
65 95
66 95
67 95
68 95
69 95
70 95
71 95
72 95
73 95
74 95
75 95
76 95
77 95
78 95
79 95
80 95
81 95
82 95
83 95
84 95
85 95
86 95
87 95
88 95
89 95
90 95
91 95
92 95
93 95
94 95
95 95
96 95
97 95
98 95
99 95
100 95
101 95
102 95
103 95
104 95
105 95
106 95
107 95
108 95
109 95
110 95
111 95
112 95
113 95
114 95
115 95
116 95
117 95
118 95
119 95
120 95
16 96
17 96
18 96
19 96
20 96
21 96
22 96
23 96
24 96
25 96
26 96
27 96
60 96
61 96
62 96
63 96
64 96
65 96
66 96
67 96
68 96
69 96
70 96
71 96
72 96
73 96
74 96
75 96
76 96
77 96
78 96
79 96
80 96
81 96
82 96
83 96
84 96
85 96
86 96
87 96
88 96
89 96
90 96
91 96
92 96
93 96
94 96
95 96
96 96
97 96
98 96
99 96
100 96
101 96
102 96
103 96
104 96
105 96
106 96
107 96
108 96
109 96
110 96
111 96
112 96
113 96
114 96
115 96
116 96
117 96
118 96
119 96
120 96
17 97
18 97
19 97
20 97
21 97
22 97
23 97
24 97
25 97
26 97
27 97
28 97
59 97
60 97
61 97
62 97
63 97
64 97
65 97
66 97
67 97
68 97
69 97
70 97
71 97
72 97
73 97
74 97
75 97
76 97
77 97
78 97
79 97
80 97
81 97
82 97
83 97
84 97
85 97
86 97
87 97
88 97
89 97
90 97
91 97
92 97
93 97
94 97
95 97
96 97
97 97
98 97
99 97
100 97
101 97
102 97
103 97
104 97
105 97
106 97
107 97
108 97
109 97
110 97
111 97
112 97
113 97
114 97
115 97
116 97
117 97
118 97
119 97
120 97
18 98
19 98
20 98
21 98
22 98
23 98
24 98
25 98
26 98
27 98
28 98
29 98
58 98
59 98
60 98
61 98
62 98
63 98
64 98
65 98
66 98
67 98
68 98
69 98
70 98
71 98
72 98
73 98
74 98
75 98
76 98
77 98
78 98
79 98
80 98
81 98
82 98
83 98
84 98
85 98
86 98
87 98
88 98
89 98
90 98
91 98
92 98
93 98
94 98
95 98
96 98
97 98
98 98
99 98
100 98
101 98
102 98
103 98
104 98
105 98
106 98
107 98
108 98
109 98
110 98
111 98
112 98
113 98
114 98
115 98
116 98
117 98
118 98
119 98
120 98
121 98
18 99
19 99
20 99
21 99
22 99
23 99
24 99
25 99
26 99
27 99
28 99
29 99
30 99
31 99
32 99
58 99
59 99
60 99
61 99
62 99
63 99
64 99
65 99
66 99
67 99
68 99
69 99
70 99
71 99
72 99
73 99
74 99
75 99
76 99
77 99
78 99
79 99
80 99
81 99
82 99
83 99
84 99
85 99
86 99
87 99
88 99
89 99
90 99
91 99
92 99
93 99
94 99
95 99
96 99
97 99
98 99
99 99
100 99
101 99
102 99
103 99
104 99
105 99
106 99
107 99
108 99
109 99
110 99
111 99
112 99
113 99
114 99
115 99
116 99
117 99
118 99
119 99
120 99
121 99
122 99
19 100
20 100
21 100
22 100
23 100
24 100
25 100
26 100
27 100
28 100
29 100
30 100
31 100
32 100
33 100
34 100
57 100
58 100
59 100
60 100
61 100
62 100
63 100
64 100
65 100
66 100
67 100
68 100
69 100
70 100
71 100
72 100
73 100
74 100
75 100
76 100
77 100
78 100
79 100
80 100
81 100
82 100
83 100
84 100
85 100
86 100
87 100
88 100
89 100
90 100
91 100
92 100
93 100
94 100
95 100
96 100
97 100
98 100
99 100
100 100
101 100
102 100
103 100
104 100
105 100
106 100
107 100
108 100
109 100
110 100
111 100
112 100
113 100
114 100
115 100
116 100
117 100
118 100
119 100
120 100
121 100
122 100
20 101
21 101
22 101
23 101
24 101
25 101
26 101
27 101
28 101
29 101
30 101
31 101
32 101
33 101
34 101
35 101
36 101
37 101
56 101
57 101
58 101
59 101
60 101
61 101
62 101
63 101
64 101
65 101
66 101
67 101
68 101
69 101
70 101
71 101
72 101
73 101
74 101
75 101
76 101
77 101
78 101
79 101
80 101
81 101
82 101
83 101
84 101
85 101
86 101
87 101
88 101
89 101
90 101
91 101
92 101
93 101
94 101
95 101
96 101
97 101
98 101
99 101
100 101
101 101
102 101
103 101
104 101
105 101
106 101
107 101
108 101
109 101
110 101
111 101
112 101
113 101
114 101
115 101
116 101
117 101
118 101
119 101
120 101
21 102
22 102
23 102
24 102
25 102
26 102
27 102
28 102
29 102
30 102
31 102
32 102
33 102
34 102
35 102
36 102
37 102
38 102
39 102
40 102
41 102
42 102
43 102
44 102
45 102
46 102
54 102
55 102
56 102
57 102
58 102
59 102
60 102
61 102
62 102
63 102
64 102
65 102
66 102
67 102
68 102
69 102
70 102
71 102
72 102
73 102
74 102
75 102
76 102
77 102
78 102
79 102
80 102
81 102
82 102
83 102
84 102
85 102
86 102
87 102
88 102
89 102
90 102
91 102
92 102
93 102
94 102
95 102
96 102
97 102
98 102
99 102
100 102
101 102
102 102
103 102
104 102
105 102
106 102
107 102
108 102
109 102
110 102
111 102
112 102
113 102
114 102
115 102
116 102
117 102
23 103
24 103
25 103
26 103
27 103
28 103
29 103
30 103
31 103
32 103
33 103
34 103
35 103
36 103
37 103
38 103
39 103
40 103
41 103
42 103
43 103
44 103
45 103
46 103
47 103
48 103
49 103
50 103
51 103
52 103
53 103
54 103
55 103
56 103
57 103
58 103
59 103
60 103
61 103
62 103
63 103
64 103
65 103
66 103
67 103
68 103
69 103
70 103
71 103
72 103
73 103
74 103
75 103
76 103
77 103
78 103
79 103
80 103
81 103
82 103
83 103
84 103
85 103
86 103
87 103
88 103
89 103
90 103
91 103
92 103
93 103
94 103
95 103
96 103
97 103
98 103
99 103
100 103
101 103
102 103
103 103
104 103
105 103
106 103
107 103
108 103
109 103
110 103
111 103
112 103
113 103
114 103
115 103
26 104
27 104
28 104
29 104
30 104
31 104
32 104
33 104
34 104
35 104
36 104
37 104
38 104
39 104
40 104
41 104
42 104
43 104
44 104
45 104
46 104
47 104
48 104
49 104
50 104
51 104
52 104
53 104
54 104
55 104
56 104
57 104
58 104
59 104
60 104
61 104
62 104
63 104
64 104
65 104
66 104
67 104
68 104
69 104
70 104
71 104
72 104
73 104
74 104
75 104
76 104
77 104
78 104
79 104
80 104
81 104
82 104
83 104
84 104
85 104
86 104
87 104
88 104
89 104
90 104
91 104
92 104
93 104
94 104
95 104
96 104
97 104
98 104
99 104
100 104
101 104
102 104
103 104
104 104
105 104
106 104
107 104
108 104
109 104
110 104
111 104
112 104
113 104
114 104
115 104
28 105
29 105
30 105
31 105
32 105
33 105
34 105
35 105
36 105
37 105
38 105
39 105
40 105
41 105
42 105
43 105
44 105
45 105
46 105
47 105
48 105
49 105
50 105
51 105
52 105
53 105
54 105
55 105
56 105
57 105
58 105
59 105
60 105
61 105
62 105
63 105
64 105
65 105
66 105
67 105
68 105
69 105
70 105
71 105
72 105
73 105
74 105
75 105
76 105
77 105
78 105
79 105
80 105
81 105
82 105
83 105
84 105
85 105
86 105
87 105
88 105
89 105
90 105
91 105
92 105
93 105
94 105
95 105
96 105
97 105
98 105
99 105
100 105
101 105
102 105
103 105
104 105
105 105
106 105
107 105
108 105
109 105
110 105
111 105
112 105
113 105
114 105
115 105
116 105
30 106
31 106
32 106
33 106
34 106
35 106
36 106
37 106
38 106
39 106
40 106
41 106
42 106
43 106
44 106
45 106
46 106
47 106
48 106
49 106
50 106
51 106
52 106
53 106
54 106
55 106
56 106
57 106
58 106
59 106
60 106
61 106
62 106
63 106
64 106
65 106
66 106
67 106
68 106
69 106
70 106
71 106
72 106
73 106
74 106
75 106
76 106
77 106
78 106
79 106
80 106
81 106
82 106
83 106
84 106
85 106
86 106
87 106
88 106
89 106
90 106
91 106
92 106
93 106
94 106
95 106
96 106
97 106
98 106
99 106
100 106
101 106
102 106
103 106
104 106
105 106
106 106
107 106
108 106
109 106
110 106
111 106
112 106
113 106
114 106
115 106
116 106
31 107
32 107
33 107
34 107
35 107
36 107
37 107
38 107
39 107
40 107
41 107
42 107
43 107
44 107
45 107
46 107
47 107
48 107
49 107
50 107
51 107
52 107
53 107
54 107
55 107
56 107
57 107
58 107
59 107
60 107
61 107
62 107
63 107
64 107
65 107
66 107
67 107
68 107
69 107
70 107
71 107
72 107
73 107
74 107
75 107
76 107
77 107
78 107
79 107
80 107
81 107
82 107
83 107
84 107
85 107
86 107
87 107
88 107
89 107
90 107
91 107
92 107
93 107
94 107
95 107
96 107
97 107
98 107
99 107
100 107
101 107
102 107
103 107
104 107
105 107
106 107
107 107
108 107
109 107
110 107
111 107
112 107
113 107
114 107
115 107
116 107
32 108
33 108
34 108
35 108
36 108
37 108
38 108
39 108
40 108
41 108
42 108
43 108
44 108
45 108
46 108
47 108
48 108
49 108
50 108
51 108
52 108
53 108
54 108
55 108
56 108
57 108
58 108
59 108
60 108
61 108
62 108
63 108
64 108
65 108
66 108
67 108
68 108
69 108
70 108
71 108
72 108
73 108
74 108
75 108
76 108
77 108
78 108
79 108
80 108
81 108
82 108
83 108
84 108
85 108
86 108
87 108
88 108
89 108
90 108
91 108
92 108
93 108
94 108
95 108
96 108
97 108
98 108
99 108
100 108
101 108
102 108
103 108
104 108
105 108
106 108
107 108
108 108
109 108
110 108
111 108
112 108
113 108
114 108
115 108
116 108
33 109
34 109
35 109
36 109
37 109
38 109
39 109
40 109
41 109
42 109
43 109
44 109
45 109
46 109
47 109
48 109
49 109
50 109
51 109
52 109
53 109
54 109
55 109
56 109
57 109
58 109
59 109
60 109
61 109
62 109
63 109
64 109
65 109
66 109
67 109
68 109
69 109
70 109
71 109
72 109
73 109
74 109
75 109
76 109
77 109
78 109
79 109
80 109
81 109
82 109
83 109
84 109
85 109
86 109
87 109
88 109
89 109
90 109
91 109
92 109
93 109
94 109
95 109
96 109
97 109
98 109
99 109
100 109
101 109
102 109
103 109
104 109
105 109
106 109
107 109
108 109
109 109
110 109
111 109
112 109
113 109
114 109
115 109
116 109
33 110
34 110
35 110
36 110
37 110
38 110
39 110
40 110
41 110
42 110
43 110
44 110
45 110
46 110
47 110
48 110
49 110
50 110
51 110
52 110
53 110
54 110
55 110
56 110
57 110
58 110
59 110
60 110
61 110
62 110
63 110
64 110
65 110
66 110
67 110
68 110
69 110
70 110
71 110
72 110
73 110
74 110
75 110
76 110
77 110
78 110
79 110
80 110
81 110
82 110
83 110
84 110
85 110
86 110
87 110
88 110
89 110
90 110
91 110
92 110
93 110
94 110
95 110
96 110
97 110
98 110
99 110
100 110
101 110
102 110
103 110
104 110
105 110
106 110
107 110
108 110
109 110
110 110
111 110
112 110
113 110
114 110
115 110
116 110
117 110
33 111
34 111
35 111
36 111
37 111
38 111
39 111
40 111
41 111
42 111
43 111
44 111
45 111
46 111
47 111
48 111
49 111
50 111
51 111
52 111
53 111
54 111
55 111
56 111
57 111
58 111
59 111
60 111
61 111
62 111
63 111
64 111
66 111
67 111
68 111
69 111
70 111
71 111
72 111
73 111
74 111
75 111
76 111
77 111
78 111
79 111
80 111
81 111
82 111
83 111
84 111
85 111
86 111
87 111
88 111
89 111
90 111
91 111
92 111
93 111
94 111
95 111
96 111
97 111
98 111
99 111
100 111
101 111
102 111
103 111
104 111
105 111
106 111
107 111
108 111
109 111
110 111
111 111
112 111
113 111
114 111
115 111
116 111
117 111
118 111
33 112
34 112
35 112
36 112
37 112
38 112
39 112
40 112
41 112
42 112
43 112
44 112
45 112
46 112
47 112
48 112
49 112
50 112
51 112
52 112
53 112
54 112
55 112
56 112
57 112
58 112
59 112
60 112
61 112
62 112
63 112
67 112
68 112
69 112
70 112
71 112
72 112
73 112
74 112
75 112
76 112
77 112
78 112
79 112
80 112
81 112
82 112
83 112
84 112
85 112
86 112
87 112
88 112
89 112
90 112
91 112
92 112
93 112
94 112
95 112
96 112
97 112
98 112
99 112
100 112
101 112
102 112
103 112
104 112
105 112
106 112
107 112
108 112
109 112
110 112
111 112
112 112
113 112
114 112
115 112
116 112
117 112
118 112
119 112
33 113
34 113
35 113
36 113
37 113
38 113
39 113
40 113
41 113
42 113
43 113
44 113
45 113
46 113
47 113
48 113
49 113
50 113
51 113
52 113
53 113
54 113
55 113
56 113
57 113
58 113
59 113
60 113
61 113
62 113
67 113
68 113
69 113
70 113
71 113
72 113
73 113
74 113
75 113
76 113
77 113
78 113
79 113
80 113
81 113
82 113
83 113
84 113
85 113
86 113
87 113
88 113
89 113
90 113
91 113
92 113
93 113
94 113
95 113
96 113
97 113
98 113
99 113
100 113
101 113
102 113
103 113
104 113
105 113
106 113
107 113
108 113
109 113
110 113
111 113
112 113
113 113
114 113
115 113
116 113
117 113
118 113
119 113
33 114
34 114
35 114
36 114
37 114
38 114
39 114
40 114
41 114
42 114
43 114
44 114
45 114
46 114
47 114
48 114
49 114
50 114
51 114
52 114
53 114
54 114
55 114
56 114
57 114
58 114
59 114
60 114
61 114
68 114
69 114
70 114
71 114
72 114
73 114
74 114
75 114
76 114
77 114
78 114
79 114
80 114
81 114
82 114
83 114
84 114
85 114
86 114
87 114
88 114
89 114
90 114
91 114
92 114
93 114
94 114
95 114
96 114
97 114
98 114
99 114
100 114
101 114
102 114
103 114
104 114
105 114
106 114
107 114
108 114
109 114
110 114
111 114
112 114
113 114
114 114
115 114
116 114
117 114
118 114
119 114
120 114
34 115
35 115
36 115
37 115
38 115
39 115
40 115
41 115
42 115
43 115
44 115
45 115
46 115
47 115
48 115
49 115
50 115
51 115
52 115
53 115
54 115
55 115
56 115
57 115
58 115
59 115
68 115
69 115
70 115
71 115
72 115
73 115
74 115
75 115
76 115
77 115
78 115
79 115
80 115
81 115
82 115
83 115
84 115
85 115
86 115
87 115
88 115
89 115
90 115
91 115
92 115
93 115
94 115
95 115
96 115
97 115
98 115
99 115
100 115
101 115
102 115
103 115
104 115
105 115
106 115
107 115
108 115
109 115
110 115
111 115
112 115
113 115
114 115
115 115
116 115
117 115
118 115
119 115
120 115
34 116
35 116
36 116
37 116
38 116
39 116
40 116
41 116
42 116
43 116
44 116
45 116
46 116
47 116
48 116
49 116
50 116
51 116
52 116
53 116
54 116
55 116
56 116
57 116
58 116
68 116
69 116
70 116
71 116
72 116
73 116
74 116
75 116
76 116
77 116
78 116
79 116
80 116
81 116
82 116
83 116
84 116
85 116
86 116
87 116
88 116
89 116
90 116
91 116
92 116
93 116
94 116
95 116
96 116
97 116
98 116
99 116
100 116
101 116
102 116
103 116
104 116
105 116
106 116
107 116
108 116
109 116
110 116
111 116
112 116
113 116
114 116
115 116
116 116
117 116
118 116
119 116
120 116
121 116
45 117
46 117
47 117
48 117
49 117
50 117
51 117
69 117
70 117
71 117
72 117
73 117
74 117
75 117
76 117
77 117
78 117
79 117
80 117
81 117
82 117
83 117
84 117
85 117
86 117
87 117
88 117
89 117
90 117
91 117
92 117
93 117
94 117
95 117
96 117
97 117
98 117
99 117
100 117
101 117
102 117
103 117
104 117
105 117
106 117
107 117
108 117
109 117
110 117
111 117
112 117
113 117
114 117
115 117
116 117
117 117
118 117
119 117
120 117
121 117
69 118
70 118
71 118
72 118
73 118
74 118
75 118
76 118
77 118
78 118
79 118
80 118
81 118
82 118
83 118
84 118
85 118
86 118
87 118
88 118
89 118
90 118
91 118
92 118
93 118
94 118
95 118
96 118
97 118
98 118
99 118
100 118
101 118
102 118
103 118
104 118
105 118
106 118
107 118
108 118
109 118
110 118
111 118
112 118
113 118
114 118
115 118
116 118
117 118
118 118
119 118
120 118
121 118
122 118
70 119
71 119
72 119
73 119
74 119
75 119
76 119
77 119
78 119
79 119
80 119
81 119
82 119
83 119
84 119
85 119
86 119
87 119
88 119
89 119
90 119
91 119
92 119
93 119
94 119
95 119
96 119
97 119
98 119
99 119
100 119
101 119
102 119
103 119
104 119
105 119
106 119
107 119
108 119
109 119
110 119
111 119
112 119
113 119
114 119
115 119
116 119
117 119
118 119
119 119
120 119
121 119
122 119
123 119
71 120
72 120
73 120
74 120
75 120
76 120
77 120
78 120
79 120
80 120
81 120
82 120
83 120
84 120
85 120
86 120
87 120
88 120
89 120
90 120
91 120
92 120
93 120
94 120
95 120
96 120
97 120
98 120
99 120
100 120
101 120
102 120
103 120
104 120
105 120
106 120
107 120
108 120
109 120
110 120
111 120
112 120
113 120
114 120
115 120
116 120
117 120
118 120
119 120
120 120
121 120
122 120
123 120
124 120
72 121
73 121
74 121
75 121
76 121
77 121
78 121
79 121
80 121
81 121
82 121
83 121
84 121
85 121
86 121
87 121
88 121
89 121
90 121
91 121
92 121
93 121
94 121
95 121
96 121
97 121
98 121
99 121
100 121
101 121
102 121
103 121
104 121
105 121
106 121
107 121
108 121
109 121
110 121
111 121
112 121
113 121
114 121
115 121
116 121
117 121
118 121
119 121
120 121
121 121
122 121
123 121
124 121
125 121
72 122
73 122
74 122
75 122
76 122
77 122
78 122
79 122
80 122
81 122
82 122
83 122
84 122
85 122
86 122
87 122
88 122
89 122
90 122
91 122
92 122
93 122
94 122
95 122
96 122
97 122
98 122
99 122
100 122
101 122
102 122
103 122
104 122
105 122
106 122
107 122
108 122
109 122
110 122
111 122
112 122
113 122
114 122
115 122
116 122
117 122
118 122
119 122
120 122
121 122
122 122
123 122
124 122
125 122
126 122
72 123
73 123
74 123
75 123
76 123
77 123
78 123
79 123
80 123
81 123
82 123
83 123
84 123
85 123
86 123
87 123
88 123
89 123
90 123
91 123
92 123
93 123
94 123
95 123
96 123
97 123
98 123
99 123
100 123
101 123
102 123
103 123
104 123
105 123
106 123
107 123
108 123
109 123
110 123
111 123
112 123
113 123
114 123
115 123
116 123
117 123
118 123
119 123
120 123
121 123
124 123
125 123
126 123
127 123
128 123
72 124
73 124
74 124
75 124
76 124
77 124
78 124
79 124
80 124
81 124
82 124
83 124
84 124
85 124
86 124
87 124
88 124
89 124
90 124
91 124
92 124
93 124
94 124
95 124
96 124
97 124
98 124
99 124
100 124
101 124
102 124
103 124
104 124
105 124
106 124
107 124
108 124
109 124
110 124
111 124
112 124
113 124
114 124
115 124
116 124
117 124
118 124
119 124
120 124
121 124
126 124
127 124
128 124
72 125
73 125
74 125
75 125
76 125
77 125
78 125
79 125
80 125
81 125
82 125
83 125
84 125
85 125
86 125
87 125
88 125
89 125
90 125
91 125
92 125
93 125
94 125
95 125
96 125
97 125
98 125
99 125
100 125
101 125
102 125
103 125
104 125
105 125
106 125
107 125
108 125
109 125
110 125
112 125
113 125
114 125
115 125
116 125
117 125
118 125
119 125
120 125
121 125
122 125
127 125
128 125
129 125
72 126
73 126
74 126
75 126
76 126
77 126
78 126
79 126
80 126
81 126
82 126
83 126
84 126
85 126
86 126
87 126
88 126
89 126
90 126
91 126
92 126
93 126
94 126
95 126
96 126
97 126
98 126
99 126
100 126
101 126
102 126
103 126
104 126
105 126
106 126
107 126
108 126
109 126
110 126
112 126
113 126
114 126
115 126
116 126
117 126
118 126
119 126
120 126
121 126
122 126
123 126
128 126
129 126
73 127
74 127
75 127
76 127
77 127
78 127
79 127
80 127
81 127
82 127
83 127
84 127
85 127
86 127
87 127
88 127
89 127
90 127
91 127
92 127
93 127
94 127
95 127
96 127
97 127
98 127
99 127
100 127
101 127
102 127
103 127
104 127
105 127
106 127
107 127
108 127
109 127
110 127
113 127
114 127
115 127
116 127
117 127
118 127
119 127
120 127
121 127
122 127
123 127
73 128
74 128
75 128
76 128
77 128
78 128
79 128
80 128
81 128
82 128
83 128
84 128
85 128
86 128
87 128
88 128
89 128
90 128
91 128
92 128
93 128
94 128
95 128
96 128
97 128
98 128
99 128
100 128
101 128
102 128
103 128
104 128
105 128
106 128
107 128
108 128
109 128
110 128
113 128
114 128
115 128
116 128
117 128
118 128
119 128
120 128
121 128
122 128
123 128
124 128
73 129
74 129
75 129
76 129
77 129
78 129
79 129
80 129
81 129
82 129
83 129
84 129
85 129
86 129
87 129
88 129
89 129
90 129
91 129
92 129
93 129
94 129
95 129
96 129
97 129
98 129
99 129
100 129
101 129
102 129
103 129
104 129
105 129
106 129
107 129
108 129
109 129
110 129
114 129
115 129
116 129
117 129
118 129
119 129
120 129
121 129
122 129
123 129
124 129
74 130
75 130
76 130
77 130
78 130
79 130
80 130
81 130
82 130
83 130
84 130
85 130
86 130
87 130
88 130
89 130
90 130
91 130
92 130
93 130
94 130
95 130
96 130
97 130
98 130
99 130
100 130
101 130
102 130
103 130
104 130
105 130
106 130
107 130
108 130
109 130
110 130
114 130
115 130
116 130
117 130
118 130
119 130
120 130
122 130
123 130
124 130
125 130
75 131
76 131
77 131
78 131
79 131
80 131
81 131
82 131
83 131
84 131
85 131
86 131
87 131
88 131
89 131
90 131
91 131
92 131
93 131
94 131
95 131
96 131
97 131
98 131
99 131
100 131
101 131
102 131
103 131
104 131
105 131
106 131
107 131
108 131
109 131
114 131
115 131
116 131
117 131
118 131
119 131
120 131
121 131
123 131
124 131
125 131
75 132
76 132
77 132
78 132
79 132
80 132
81 132
82 132
83 132
84 132
85 132
86 132
87 132
88 132
89 132
90 132
91 132
92 132
93 132
94 132
95 132
96 132
97 132
98 132
99 132
100 132
101 132
102 132
103 132
104 132
105 132
106 132
107 132
108 132
109 132
114 132
115 132
116 132
117 132
119 132
120 132
121 132
124 132
125 132
126 132
74 133
75 133
76 133
77 133
78 133
79 133
80 133
81 133
82 133
83 133
84 133
85 133
86 133
87 133
88 133
89 133
90 133
91 133
92 133
93 133
94 133
95 133
96 133
97 133
98 133
99 133
100 133
101 133
102 133
103 133
104 133
105 133
106 133
107 133
108 133
109 133
115 133
116 133
117 133
120 133
121 133
124 133
125 133
73 134
74 134
75 134
76 134
77 134
78 134
79 134
80 134
81 134
82 134
83 134
84 134
85 134
86 134
87 134
88 134
89 134
90 134
91 134
92 134
93 134
94 134
95 134
96 134
97 134
98 134
99 134
100 134
101 134
102 134
103 134
104 134
105 134
106 134
107 134
108 134
109 134
116 134
117 134
118 134
120 134
121 134
122 134
72 135
73 135
74 135
75 135
76 135
77 135
78 135
79 135
80 135
81 135
82 135
83 135
84 135
85 135
86 135
87 135
88 135
89 135
90 135
91 135
92 135
93 135
94 135
95 135
96 135
97 135
98 135
99 135
100 135
101 135
102 135
103 135
104 135
105 135
106 135
107 135
108 135
116 135
117 135
118 135
121 135
122 135
123 135
71 136
72 136
73 136
74 136
75 136
76 136
77 136
78 136
79 136
80 136
81 136
82 136
83 136
84 136
85 136
86 136
87 136
88 136
89 136
90 136
91 136
92 136
93 136
94 136
95 136
96 136
97 136
98 136
99 136
100 136
101 136
102 136
103 136
104 136
105 136
106 136
107 136
108 136
117 136
118 136
121 136
122 136
123 136
70 137
71 137
72 137
73 137
74 137
75 137
76 137
77 137
78 137
79 137
80 137
81 137
82 137
83 137
84 137
85 137
86 137
87 137
88 137
89 137
90 137
91 137
92 137
93 137
94 137
95 137
96 137
97 137
98 137
99 137
100 137
101 137
102 137
103 137
104 137
105 137
106 137
107 137
117 137
118 137
69 138
70 138
71 138
72 138
73 138
74 138
75 138
76 138
77 138
78 138
79 138
80 138
81 138
82 138
83 138
84 138
85 138
86 138
87 138
88 138
89 138
90 138
91 138
92 138
93 138
94 138
95 138
96 138
97 138
98 138
99 138
100 138
101 138
102 138
103 138
104 138
105 138
106 138
107 138
69 139
70 139
71 139
72 139
73 139
74 139
75 139
76 139
77 139
78 139
79 139
80 139
81 139
82 139
83 139
84 139
85 139
86 139
87 139
88 139
89 139
90 139
91 139
92 139
93 139
94 139
95 139
96 139
97 139
98 139
99 139
100 139
101 139
102 139
103 139
104 139
105 139
106 139
68 140
69 140
70 140
71 140
72 140
73 140
74 140
75 140
76 140
77 140
78 140
79 140
80 140
81 140
82 140
83 140
84 140
85 140
86 140
87 140
88 140
89 140
90 140
91 140
92 140
93 140
94 140
95 140
96 140
97 140
98 140
99 140
100 140
101 140
102 140
103 140
104 140
105 140
106 140
67 141
68 141
69 141
70 141
71 141
72 141
73 141
74 141
75 141
76 141
77 141
78 141
79 141
80 141
81 141
82 141
83 141
84 141
85 141
86 141
87 141
88 141
89 141
90 141
91 141
92 141
93 141
94 141
95 141
96 141
97 141
98 141
99 141
100 141
101 141
102 141
103 141
104 141
105 141
106 141
67 142
68 142
69 142
70 142
71 142
72 142
73 142
74 142
75 142
76 142
77 142
78 142
79 142
80 142
81 142
82 142
83 142
84 142
85 142
86 142
87 142
88 142
89 142
90 142
91 142
92 142
93 142
94 142
95 142
96 142
97 142
98 142
99 142
100 142
101 142
102 142
103 142
104 142
105 142
66 143
67 143
68 143
69 143
70 143
71 143
72 143
73 143
74 143
75 143
76 143
77 143
78 143
79 143
80 143
81 143
82 143
83 143
84 143
85 143
86 143
87 143
88 143
89 143
90 143
91 143
92 143
93 143
94 143
95 143
96 143
97 143
98 143
99 143
100 143
101 143
102 143
103 143
104 143
105 143
66 144
67 144
68 144
69 144
70 144
71 144
72 144
73 144
74 144
75 144
76 144
77 144
78 144
79 144
80 144
81 144
82 144
83 144
84 144
85 144
86 144
87 144
88 144
89 144
90 144
91 144
92 144
93 144
94 144
95 144
96 144
97 144
98 144
99 144
100 144
101 144
102 144
103 144
104 144
105 144
65 145
66 145
67 145
68 145
69 145
70 145
71 145
72 145
73 145
74 145
75 145
76 145
77 145
78 145
79 145
80 145
81 145
82 145
83 145
84 145
85 145
86 145
87 145
88 145
89 145
90 145
91 145
92 145
93 145
94 145
95 145
96 145
97 145
98 145
99 145
100 145
101 145
102 145
103 145
104 145
64 146
65 146
66 146
67 146
68 146
69 146
70 146
71 146
72 146
73 146
74 146
75 146
76 146
77 146
78 146
79 146
80 146
81 146
82 146
83 146
84 146
85 146
86 146
87 146
88 146
89 146
90 146
91 146
92 146
93 146
94 146
95 146
96 146
97 146
98 146
99 146
100 146
101 146
102 146
103 146
104 146
63 147
64 147
65 147
66 147
67 147
68 147
69 147
70 147
71 147
72 147
73 147
74 147
75 147
76 147
77 147
78 147
79 147
80 147
81 147
82 147
83 147
84 147
85 147
86 147
87 147
88 147
89 147
90 147
91 147
92 147
93 147
94 147
95 147
96 147
97 147
98 147
99 147
100 147
101 147
102 147
103 147
63 148
64 148
65 148
66 148
67 148
68 148
69 148
70 148
71 148
72 148
73 148
74 148
75 148
76 148
77 148
78 148
79 148
80 148
81 148
82 148
83 148
84 148
85 148
86 148
87 148
88 148
89 148
90 148
91 148
92 148
93 148
94 148
95 148
96 148
97 148
98 148
99 148
100 148
101 148
102 148
103 148
62 149
63 149
64 149
65 149
66 149
67 149
68 149
69 149
70 149
71 149
72 149
73 149
74 149
75 149
76 149
77 149
78 149
79 149
80 149
81 149
82 149
83 149
84 149
85 149
86 149
87 149
88 149
89 149
90 149
91 149
92 149
93 149
94 149
95 149
96 149
97 149
98 149
99 149
100 149
101 149
102 149
103 149
61 150
62 150
63 150
64 150
65 150
66 150
67 150
68 150
69 150
70 150
71 150
72 150
73 150
74 150
75 150
76 150
77 150
78 150
79 150
80 150
81 150
82 150
83 150
84 150
85 150
86 150
87 150
88 150
89 150
90 150
91 150
92 150
93 150
94 150
95 150
96 150
97 150
98 150
99 150
100 150
101 150
102 150
103 150
61 151
62 151
63 151
64 151
65 151
66 151
67 151
68 151
69 151
70 151
71 151
72 151
73 151
74 151
75 151
76 151
77 151
78 151
79 151
80 151
81 151
82 151
83 151
84 151
85 151
86 151
87 151
88 151
89 151
90 151
91 151
92 151
93 151
94 151
95 151
96 151
97 151
98 151
99 151
100 151
101 151
102 151
103 151
60 152
61 152
62 152
63 152
64 152
65 152
66 152
67 152
68 152
69 152
70 152
71 152
72 152
73 152
74 152
75 152
76 152
77 152
78 152
79 152
80 152
81 152
82 152
83 152
84 152
85 152
86 152
87 152
88 152
89 152
90 152
91 152
92 152
93 152
94 152
95 152
96 152
97 152
98 152
99 152
100 152
101 152
102 152
103 152
59 153
60 153
61 153
62 153
63 153
64 153
65 153
66 153
67 153
68 153
69 153
70 153
71 153
72 153
73 153
74 153
75 153
76 153
77 153
78 153
79 153
80 153
81 153
82 153
83 153
84 153
85 153
86 153
87 153
88 153
89 153
90 153
91 153
92 153
93 153
94 153
95 153
96 153
97 153
98 153
99 153
100 153
101 153
102 153
59 154
60 154
61 154
62 154
63 154
64 154
65 154
66 154
67 154
68 154
69 154
70 154
71 154
72 154
73 154
74 154
75 154
76 154
77 154
78 154
79 154
80 154
81 154
82 154
83 154
84 154
85 154
86 154
87 154
88 154
89 154
90 154
91 154
92 154
93 154
94 154
95 154
96 154
97 154
98 154
99 154
100 154
101 154
102 154
58 155
59 155
60 155
61 155
62 155
63 155
64 155
65 155
66 155
67 155
68 155
69 155
70 155
71 155
72 155
73 155
74 155
75 155
76 155
77 155
78 155
79 155
80 155
81 155
82 155
83 155
84 155
85 155
86 155
87 155
88 155
89 155
90 155
91 155
92 155
93 155
94 155
95 155
96 155
97 155
98 155
99 155
100 155
101 155
102 155
58 156
59 156
60 156
61 156
62 156
63 156
64 156
65 156
66 156
67 156
68 156
69 156
70 156
71 156
72 156
73 156
74 156
75 156
76 156
77 156
78 156
79 156
80 156
81 156
82 156
83 156
84 156
85 156
86 156
87 156
88 156
89 156
90 156
91 156
92 156
93 156
94 156
95 156
96 156
97 156
98 156
99 156
100 156
101 156
57 157
58 157
59 157
60 157
61 157
62 157
63 157
64 157
65 157
66 157
67 157
68 157
69 157
70 157
71 157
72 157
73 157
74 157
75 157
76 157
77 157
78 157
79 157
80 157
81 157
82 157
83 157
84 157
85 157
86 157
87 157
88 157
89 157
90 157
91 157
92 157
93 157
94 157
95 157
96 157
97 157
98 157
99 157
100 157
101 157
57 158
58 158
59 158
60 158
61 158
62 158
63 158
64 158
65 158
66 158
67 158
68 158
69 158
70 158
71 158
72 158
73 158
74 158
75 158
76 158
77 158
78 158
79 158
80 158
81 158
82 158
83 158
84 158
85 158
86 158
87 158
88 158
89 158
90 158
91 158
92 158
93 158
94 158
95 158
96 158
97 158
98 158
99 158
100 158
101 158
56 159
57 159
58 159
59 159
60 159
61 159
62 159
63 159
64 159
65 159
66 159
67 159
68 159
69 159
70 159
71 159
72 159
73 159
74 159
75 159
76 159
77 159
78 159
79 159
80 159
81 159
82 159
83 159
84 159
85 159
86 159
87 159
88 159
89 159
90 159
91 159
92 159
93 159
94 159
95 159
96 159
97 159
98 159
99 159
100 159
101 159
55 160
56 160
57 160
58 160
59 160
60 160
61 160
62 160
63 160
64 160
65 160
66 160
67 160
68 160
69 160
70 160
71 160
72 160
73 160
74 160
75 160
76 160
77 160
78 160
79 160
80 160
81 160
82 160
83 160
84 160
85 160
86 160
87 160
88 160
89 160
90 160
91 160
92 160
93 160
94 160
95 160
96 160
97 160
98 160
99 160
100 160
101 160
55 161
56 161
57 161
58 161
59 161
60 161
61 161
62 161
63 161
64 161
65 161
66 161
67 161
68 161
69 161
70 161
71 161
72 161
73 161
74 161
75 161
76 161
77 161
78 161
79 161
80 161
81 161
82 161
83 161
84 161
85 161
86 161
87 161
88 161
89 161
90 161
91 161
92 161
93 161
94 161
95 161
96 161
97 161
98 161
99 161
100 161
101 161
54 162
55 162
56 162
57 162
58 162
59 162
60 162
61 162
62 162
63 162
64 162
65 162
66 162
67 162
68 162
69 162
70 162
71 162
72 162
73 162
74 162
75 162
76 162
77 162
78 162
79 162
80 162
81 162
82 162
83 162
84 162
85 162
86 162
87 162
88 162
89 162
90 162
91 162
92 162
93 162
94 162
95 162
96 162
97 162
98 162
99 162
100 162
101 162
54 163
55 163
56 163
57 163
58 163
59 163
60 163
61 163
62 163
63 163
64 163
65 163
66 163
67 163
68 163
69 163
70 163
71 163
72 163
73 163
74 163
75 163
76 163
77 163
78 163
79 163
80 163
81 163
82 163
83 163
84 163
85 163
86 163
87 163
88 163
89 163
90 163
91 163
92 163
93 163
94 163
95 163
96 163
97 163
98 163
99 163
100 163
53 164
54 164
55 164
56 164
57 164
58 164
59 164
60 164
61 164
62 164
63 164
64 164
65 164
66 164
67 164
68 164
69 164
70 164
71 164
72 164
73 164
74 164
75 164
76 164
77 164
78 164
79 164
80 164
81 164
82 164
83 164
84 164
85 164
86 164
87 164
88 164
89 164
90 164
91 164
92 164
93 164
94 164
95 164
96 164
97 164
98 164
99 164
100 164
53 165
54 165
55 165
56 165
57 165
58 165
59 165
60 165
61 165
62 165
63 165
64 165
65 165
66 165
67 165
68 165
69 165
70 165
71 165
72 165
73 165
74 165
75 165
76 165
77 165
78 165
79 165
80 165
81 165
82 165
83 165
84 165
85 165
86 165
87 165
88 165
89 165
90 165
91 165
92 165
93 165
94 165
95 165
96 165
97 165
98 165
99 165
100 165
52 166
53 166
54 166
55 166
56 166
57 166
58 166
59 166
60 166
61 166
62 166
63 166
64 166
65 166
66 166
67 166
68 166
69 166
70 166
71 166
72 166
73 166
74 166
75 166
76 166
77 166
78 166
79 166
80 166
81 166
82 166
83 166
84 166
85 166
86 166
87 166
88 166
89 166
90 166
91 166
92 166
93 166
94 166
95 166
96 166
97 166
98 166
99 166
100 166
51 167
52 167
53 167
54 167
55 167
56 167
57 167
58 167
59 167
60 167
61 167
62 167
63 167
64 167
65 167
66 167
67 167
68 167
69 167
70 167
71 167
72 167
73 167
74 167
75 167
76 167
77 167
78 167
79 167
80 167
81 167
82 167
83 167
84 167
85 167
86 167
87 167
88 167
89 167
90 167
91 167
92 167
93 167
94 167
95 167
96 167
97 167
98 167
99 167
100 167
51 168
52 168
53 168
54 168
55 168
56 168
57 168
58 168
59 168
60 168
61 168
62 168
63 168
64 168
65 168
66 168
67 168
68 168
69 168
70 168
71 168
72 168
73 168
74 168
75 168
76 168
77 168
78 168
79 168
80 168
81 168
82 168
83 168
84 168
85 168
86 168
87 168
88 168
89 168
90 168
91 168
92 168
93 168
94 168
95 168
96 168
97 168
98 168
99 168
100 168
51 169
52 169
53 169
54 169
55 169
56 169
57 169
58 169
59 169
60 169
61 169
62 169
63 169
64 169
65 169
66 169
67 169
68 169
69 169
70 169
71 169
72 169
73 169
74 169
75 169
76 169
77 169
78 169
79 169
80 169
81 169
82 169
83 169
84 169
85 169
86 169
87 169
88 169
89 169
90 169
91 169
92 169
93 169
94 169
95 169
96 169
97 169
98 169
99 169
100 169
51 170
52 170
53 170
54 170
55 170
56 170
57 170
58 170
59 170
60 170
61 170
62 170
63 170
64 170
65 170
66 170
67 170
68 170
69 170
70 170
71 170
72 170
73 170
74 170
75 170
76 170
77 170
78 170
79 170
80 170
81 170
82 170
83 170
84 170
85 170
86 170
87 170
88 170
89 170
90 170
91 170
92 170
93 170
94 170
95 170
96 170
97 170
98 170
99 170
100 170
50 171
51 171
52 171
53 171
54 171
55 171
56 171
57 171
58 171
59 171
60 171
61 171
62 171
63 171
64 171
65 171
66 171
67 171
68 171
69 171
70 171
71 171
72 171
73 171
74 171
75 171
76 171
77 171
78 171
79 171
80 171
81 171
82 171
83 171
84 171
85 171
86 171
87 171
88 171
89 171
90 171
91 171
92 171
93 171
94 171
95 171
96 171
97 171
98 171
99 171
100 171
50 172
51 172
52 172
53 172
54 172
55 172
56 172
57 172
58 172
59 172
60 172
61 172
62 172
63 172
64 172
65 172
66 172
67 172
68 172
69 172
70 172
71 172
72 172
73 172
74 172
75 172
76 172
77 172
78 172
79 172
80 172
81 172
82 172
83 172
84 172
85 172
86 172
87 172
88 172
89 172
90 172
91 172
92 172
93 172
94 172
95 172
96 172
97 172
98 172
99 172
100 172
50 173
51 173
52 173
53 173
54 173
55 173
56 173
57 173
58 173
59 173
60 173
61 173
62 173
63 173
64 173
65 173
66 173
67 173
68 173
69 173
70 173
71 173
72 173
73 173
74 173
75 173
76 173
77 173
78 173
79 173
80 173
81 173
82 173
83 173
84 173
85 173
86 173
87 173
88 173
89 173
90 173
91 173
92 173
93 173
94 173
95 173
96 173
97 173
98 173
99 173
100 173
51 174
52 174
53 174
54 174
55 174
56 174
57 174
58 174
59 174
60 174
61 174
62 174
63 174
64 174
65 174
66 174
67 174
68 174
69 174
70 174
71 174
72 174
73 174
74 174
75 174
76 174
77 174
78 174
79 174
80 174
81 174
82 174
83 174
84 174
85 174
86 174
87 174
88 174
89 174
90 174
91 174
92 174
93 174
94 174
95 174
96 174
97 174
98 174
99 174
100 174
101 174
51 175
52 175
53 175
54 175
55 175
56 175
57 175
58 175
59 175
60 175
61 175
62 175
63 175
64 175
65 175
66 175
67 175
68 175
69 175
70 175
71 175
72 175
73 175
74 175
75 175
76 175
77 175
78 175
79 175
80 175
81 175
82 175
83 175
84 175
85 175
86 175
87 175
88 175
89 175
90 175
91 175
92 175
93 175
94 175
95 175
96 175
97 175
98 175
99 175
100 175
101 175
51 176
52 176
53 176
54 176
55 176
56 176
57 176
58 176
59 176
60 176
61 176
62 176
63 176
64 176
65 176
66 176
67 176
68 176
69 176
70 176
71 176
72 176
73 176
74 176
75 176
76 176
77 176
78 176
79 176
80 176
81 176
82 176
83 176
84 176
85 176
86 176
87 176
88 176
89 176
90 176
91 176
92 176
93 176
94 176
95 176
96 176
97 176
98 176
99 176
100 176
101 176
51 177
52 177
53 177
54 177
55 177
56 177
57 177
58 177
59 177
60 177
61 177
62 177
63 177
64 177
65 177
66 177
67 177
68 177
69 177
70 177
71 177
72 177
73 177
74 177
75 177
76 177
77 177
78 177
79 177
80 177
81 177
82 177
83 177
84 177
85 177
86 177
87 177
88 177
89 177
90 177
91 177
92 177
93 177
94 177
95 177
96 177
97 177
98 177
99 177
100 177
101 177
51 178
52 178
53 178
54 178
55 178
56 178
57 178
58 178
59 178
60 178
61 178
62 178
63 178
64 178
65 178
66 178
67 178
68 178
69 178
70 178
71 178
72 178
73 178
74 178
75 178
76 178
77 178
78 178
79 178
80 178
81 178
82 178
83 178
84 178
85 178
86 178
87 178
88 178
89 178
90 178
91 178
92 178
93 178
94 178
95 178
96 178
97 178
98 178
99 178
100 178
50 179
51 179
52 179
53 179
54 179
55 179
56 179
57 179
58 179
59 179
60 179
61 179
62 179
63 179
64 179
65 179
66 179
67 179
68 179
69 179
70 179
71 179
72 179
73 179
74 179
75 179
76 179
77 179
78 179
79 179
80 179
81 179
82 179
83 179
84 179
85 179
86 179
87 179
88 179
89 179
90 179
91 179
92 179
93 179
94 179
95 179
96 179
97 179
98 179
99 179
100 179
50 180
51 180
52 180
53 180
54 180
55 180
56 180
57 180
58 180
59 180
60 180
61 180
62 180
63 180
64 180
65 180
66 180
67 180
68 180
69 180
70 180
71 180
72 180
73 180
74 180
75 180
76 180
77 180
78 180
79 180
80 180
81 180
82 180
83 180
84 180
85 180
86 180
87 180
88 180
89 180
90 180
91 180
92 180
93 180
94 180
95 180
96 180
97 180
98 180
99 180
100 180
50 181
51 181
52 181
53 181
54 181
55 181
56 181
57 181
58 181
59 181
60 181
61 181
62 181
63 181
64 181
65 181
66 181
67 181
68 181
69 181
70 181
71 181
72 181
73 181
74 181
75 181
76 181
77 181
78 181
79 181
80 181
81 181
82 181
83 181
84 181
85 181
86 181
87 181
88 181
89 181
90 181
91 181
92 181
93 181
94 181
95 181
96 181
97 181
98 181
99 181
50 182
51 182
52 182
53 182
54 182
55 182
56 182
57 182
58 182
59 182
60 182
61 182
62 182
63 182
64 182
65 182
66 182
67 182
68 182
69 182
70 182
71 182
72 182
73 182
74 182
75 182
76 182
77 182
78 182
79 182
80 182
81 182
82 182
83 182
84 182
85 182
86 182
87 182
88 182
89 182
90 182
91 182
92 182
93 182
94 182
95 182
96 182
97 182
98 182
99 182
100 182
50 183
51 183
52 183
53 183
54 183
55 183
56 183
57 183
58 183
59 183
60 183
61 183
62 183
63 183
64 183
65 183
66 183
67 183
68 183
69 183
70 183
71 183
72 183
73 183
74 183
75 183
76 183
77 183
80 183
81 183
82 183
83 183
84 183
85 183
86 183
87 183
88 183
89 183
90 183
91 183
92 183
93 183
94 183
95 183
96 183
97 183
98 183
99 183
100 183
50 184
51 184
52 184
53 184
54 184
55 184
56 184
57 184
58 184
59 184
60 184
61 184
62 184
63 184
64 184
65 184
66 184
67 184
68 184
69 184
70 184
71 184
72 184
73 184
74 184
75 184
76 184
77 184
80 184
81 184
82 184
83 184
84 184
85 184
86 184
87 184
88 184
89 184
90 184
91 184
92 184
93 184
94 184
95 184
96 184
97 184
98 184
99 184
100 184
101 184
50 185
51 185
52 185
53 185
54 185
55 185
56 185
57 185
58 185
59 185
60 185
61 185
62 185
63 185
64 185
65 185
66 185
67 185
68 185
69 185
70 185
71 185
72 185
73 185
74 185
75 185
76 185
80 185
81 185
82 185
83 185
84 185
85 185
86 185
87 185
88 185
89 185
90 185
91 185
92 185
93 185
94 185
95 185
96 185
97 185
98 185
99 185
100 185
101 185
102 185
50 186
51 186
52 186
53 186
54 186
55 186
56 186
57 186
58 186
59 186
60 186
61 186
62 186
63 186
64 186
65 186
66 186
67 186
68 186
69 186
70 186
71 186
72 186
73 186
74 186
75 186
76 186
80 186
81 186
82 186
83 186
84 186
85 186
86 186
87 186
88 186
89 186
90 186
91 186
92 186
93 186
94 186
95 186
96 186
97 186
98 186
99 186
100 186
101 186
102 186
50 187
51 187
52 187
53 187
54 187
55 187
56 187
57 187
58 187
59 187
60 187
61 187
62 187
63 187
64 187
65 187
66 187
67 187
68 187
69 187
70 187
71 187
72 187
73 187
74 187
75 187
80 187
81 187
82 187
83 187
84 187
85 187
86 187
87 187
88 187
89 187
90 187
91 187
92 187
93 187
94 187
95 187
96 187
97 187
98 187
99 187
100 187
101 187
102 187
103 187
50 188
51 188
52 188
53 188
54 188
55 188
56 188
57 188
58 188
59 188
60 188
61 188
62 188
63 188
64 188
65 188
66 188
67 188
68 188
69 188
70 188
71 188
72 188
73 188
74 188
75 188
80 188
81 188
82 188
83 188
84 188
85 188
86 188
87 188
88 188
89 188
90 188
91 188
92 188
93 188
94 188
95 188
96 188
97 188
98 188
99 188
100 188
101 188
102 188
103 188
50 189
51 189
52 189
53 189
54 189
55 189
56 189
57 189
58 189
59 189
60 189
61 189
62 189
63 189
64 189
65 189
66 189
67 189
68 189
69 189
70 189
71 189
72 189
73 189
74 189
75 189
81 189
82 189
83 189
84 189
85 189
86 189
87 189
88 189
89 189
90 189
91 189
92 189
93 189
94 189
95 189
96 189
97 189
98 189
99 189
100 189
101 189
102 189
103 189
50 190
51 190
52 190
53 190
54 190
55 190
56 190
57 190
58 190
59 190
60 190
61 190
62 190
63 190
64 190
65 190
66 190
67 190
68 190
69 190
70 190
71 190
72 190
73 190
74 190
75 190
81 190
82 190
83 190
84 190
85 190
86 190
87 190
88 190
89 190
90 190
91 190
92 190
93 190
94 190
95 190
96 190
97 190
98 190
99 190
100 190
101 190
102 190
103 190
104 190
50 191
51 191
52 191
53 191
54 191
55 191
56 191
57 191
58 191
59 191
60 191
61 191
62 191
63 191
64 191
65 191
66 191
67 191
68 191
69 191
70 191
71 191
72 191
73 191
74 191
81 191
82 191
83 191
84 191
85 191
86 191
87 191
88 191
89 191
90 191
91 191
92 191
93 191
94 191
95 191
96 191
97 191
98 191
99 191
100 191
101 191
102 191
103 191
104 191
105 191
106 191
50 192
51 192
52 192
53 192
54 192
55 192
56 192
57 192
58 192
59 192
60 192
61 192
62 192
63 192
64 192
65 192
66 192
67 192
68 192
69 192
70 192
71 192
72 192
73 192
81 192
82 192
83 192
84 192
85 192
86 192
87 192
88 192
89 192
90 192
91 192
92 192
93 192
94 192
95 192
96 192
97 192
98 192
99 192
100 192
101 192
102 192
103 192
104 192
105 192
106 192
107 192
50 193
51 193
52 193
53 193
54 193
55 193
56 193
57 193
58 193
59 193
60 193
61 193
62 193
63 193
64 193
65 193
66 193
67 193
68 193
69 193
70 193
71 193
72 193
73 193
81 193
82 193
83 193
84 193
85 193
86 193
87 193
88 193
89 193
90 193
91 193
92 193
93 193
94 193
95 193
96 193
97 193
98 193
99 193
100 193
101 193
102 193
103 193
104 193
105 193
106 193
107 193
108 193
109 193
50 194
51 194
52 194
53 194
54 194
55 194
56 194
57 194
58 194
59 194
60 194
61 194
62 194
63 194
64 194
65 194
66 194
67 194
68 194
69 194
70 194
71 194
72 194
73 194
81 194
82 194
83 194
84 194
85 194
86 194
87 194
88 194
89 194
90 194
91 194
92 194
93 194
94 194
95 194
96 194
97 194
98 194
99 194
100 194
101 194
102 194
103 194
104 194
105 194
106 194
107 194
108 194
109 194
110 194
50 195
51 195
52 195
53 195
54 195
55 195
56 195
57 195
58 195
59 195
60 195
61 195
62 195
63 195
64 195
65 195
66 195
67 195
68 195
69 195
70 195
71 195
72 195
73 195
82 195
83 195
84 195
85 195
86 195
87 195
88 195
89 195
90 195
91 195
92 195
93 195
94 195
95 195
96 195
97 195
98 195
99 195
100 195
101 195
102 195
103 195
104 195
105 195
106 195
107 195
108 195
109 195
110 195
111 195
50 196
51 196
52 196
53 196
54 196
55 196
56 196
57 196
58 196
59 196
60 196
61 196
62 196
63 196
64 196
65 196
66 196
67 196
68 196
69 196
70 196
71 196
72 196
73 196
82 196
83 196
84 196
85 196
86 196
87 196
88 196
89 196
90 196
91 196
92 196
93 196
94 196
95 196
96 196
97 196
98 196
99 196
100 196
101 196
102 196
103 196
104 196
105 196
106 196
107 196
108 196
109 196
110 196
111 196
112 196
113 196
50 197
51 197
52 197
53 197
54 197
55 197
56 197
57 197
58 197
59 197
60 197
61 197
62 197
63 197
64 197
65 197
66 197
67 197
68 197
69 197
70 197
71 197
72 197
83 197
84 197
85 197
86 197
87 197
88 197
89 197
90 197
91 197
92 197
93 197
94 197
95 197
96 197
97 197
98 197
99 197
100 197
101 197
102 197
103 197
104 197
105 197
106 197
107 197
108 197
109 197
110 197
111 197
112 197
113 197
114 197
50 198
51 198
52 198
53 198
54 198
55 198
56 198
57 198
58 198
59 198
60 198
61 198
62 198
63 198
64 198
65 198
66 198
67 198
68 198
69 198
70 198
71 198
72 198
84 198
85 198
86 198
87 198
88 198
89 198
90 198
91 198
92 198
93 198
94 198
95 198
96 198
97 198
98 198
99 198
100 198
101 198
102 198
103 198
104 198
105 198
106 198
107 198
108 198
109 198
110 198
111 198
112 198
113 198
114 198
115 198
116 198
50 199
51 199
52 199
53 199
54 199
55 199
56 199
57 199
58 199
59 199
60 199
61 199
62 199
63 199
64 199
65 199
66 199
67 199
68 199
69 199
70 199
71 199
72 199
73 199
84 199
85 199
86 199
87 199
88 199
89 199
90 199
91 199
92 199
93 199
94 199
95 199
96 199
97 199
98 199
99 199
100 199
101 199
102 199
103 199
104 199
105 199
106 199
107 199
108 199
109 199
110 199
111 199
112 199
113 199
114 199
115 199
116 199
117 199
50 200
51 200
52 200
53 200
54 200
55 200
56 200
57 200
58 200
59 200
60 200
61 200
62 200
63 200
64 200
65 200
66 200
67 200
68 200
69 200
70 200
71 200
72 200
85 200
86 200
87 200
88 200
89 200
90 200
91 200
92 200
93 200
94 200
95 200
96 200
97 200
98 200
99 200
100 200
101 200
102 200
103 200
104 200
105 200
106 200
107 200
108 200
109 200
110 200
111 200
112 200
113 200
114 200
115 200
116 200
117 200
118 200
50 201
51 201
52 201
53 201
54 201
55 201
56 201
57 201
58 201
59 201
60 201
61 201
62 201
63 201
64 201
65 201
66 201
67 201
68 201
69 201
70 201
71 201
72 201
86 201
87 201
88 201
89 201
90 201
91 201
92 201
93 201
94 201
95 201
96 201
97 201
98 201
99 201
100 201
101 201
102 201
103 201
104 201
105 201
106 201
107 201
108 201
109 201
110 201
111 201
112 201
113 201
114 201
115 201
116 201
117 201
118 201
119 201
50 202
51 202
52 202
53 202
54 202
55 202
56 202
57 202
58 202
59 202
60 202
61 202
62 202
63 202
64 202
65 202
66 202
67 202
68 202
69 202
70 202
71 202
72 202
86 202
87 202
88 202
89 202
90 202
91 202
92 202
93 202
94 202
95 202
96 202
97 202
98 202
99 202
100 202
101 202
102 202
103 202
104 202
105 202
106 202
107 202
108 202
109 202
110 202
111 202
112 202
113 202
114 202
115 202
116 202
117 202
118 202
119 202
120 202
50 203
51 203
52 203
53 203
54 203
55 203
56 203
57 203
58 203
59 203
60 203
61 203
62 203
63 203
64 203
65 203
66 203
67 203
68 203
69 203
70 203
71 203
72 203
87 203
88 203
89 203
90 203
91 203
92 203
93 203
94 203
95 203
96 203
97 203
98 203
99 203
100 203
101 203
102 203
103 203
104 203
105 203
106 203
107 203
108 203
109 203
110 203
111 203
112 203
113 203
114 203
115 203
116 203
117 203
118 203
119 203
120 203
121 203
50 204
51 204
52 204
53 204
54 204
55 204
56 204
57 204
58 204
59 204
60 204
61 204
62 204
63 204
64 204
65 204
66 204
67 204
68 204
69 204
70 204
71 204
88 204
89 204
90 204
91 204
92 204
93 204
94 204
95 204
96 204
97 204
98 204
99 204
100 204
101 204
102 204
103 204
104 204
105 204
106 204
107 204
108 204
109 204
110 204
111 204
112 204
113 204
114 204
115 204
116 204
117 204
118 204
119 204
120 204
121 204
122 204
50 205
51 205
52 205
53 205
54 205
55 205
56 205
57 205
58 205
59 205
60 205
61 205
62 205
63 205
64 205
65 205
66 205
67 205
68 205
69 205
70 205
71 205
89 205
90 205
91 205
92 205
93 205
94 205
95 205
96 205
97 205
98 205
99 205
100 205
101 205
102 205
103 205
104 205
105 205
106 205
107 205
108 205
109 205
110 205
111 205
112 205
113 205
114 205
115 205
116 205
117 205
118 205
119 205
120 205
121 205
122 205
123 205
50 206
51 206
52 206
53 206
54 206
55 206
56 206
57 206
58 206
59 206
60 206
61 206
62 206
63 206
64 206
65 206
66 206
67 206
68 206
69 206
70 206
71 206
72 206
89 206
90 206
91 206
92 206
93 206
94 206
95 206
96 206
97 206
98 206
99 206
100 206
101 206
102 206
103 206
104 206
105 206
106 206
107 206
108 206
109 206
110 206
111 206
112 206
113 206
114 206
115 206
116 206
117 206
118 206
119 206
120 206
121 206
122 206
123 206
50 207
51 207
52 207
53 207
54 207
55 207
56 207
57 207
58 207
59 207
60 207
61 207
62 207
63 207
64 207
65 207
66 207
67 207
68 207
69 207
70 207
71 207
72 207
90 207
91 207
92 207
93 207
94 207
95 207
96 207
97 207
98 207
99 207
100 207
101 207
102 207
103 207
104 207
105 207
106 207
107 207
108 207
109 207
110 207
111 207
112 207
113 207
114 207
115 207
116 207
117 207
118 207
119 207
120 207
121 207
122 207
123 207
124 207
50 208
51 208
52 208
53 208
54 208
55 208
56 208
57 208
58 208
59 208
60 208
61 208
62 208
63 208
64 208
65 208
66 208
67 208
68 208
69 208
70 208
71 208
91 208
92 208
93 208
94 208
95 208
96 208
97 208
98 208
99 208
100 208
101 208
102 208
103 208
104 208
105 208
106 208
107 208
108 208
109 208
110 208
111 208
112 208
113 208
114 208
115 208
116 208
117 208
118 208
119 208
120 208
121 208
122 208
123 208
124 208
125 208
50 209
51 209
52 209
53 209
54 209
55 209
56 209
57 209
58 209
59 209
60 209
61 209
62 209
63 209
64 209
65 209
66 209
67 209
68 209
69 209
70 209
71 209
72 209
91 209
92 209
93 209
94 209
95 209
96 209
97 209
98 209
99 209
100 209
101 209
102 209
103 209
104 209
105 209
106 209
107 209
108 209
109 209
110 209
111 209
112 209
113 209
114 209
115 209
116 209
117 209
118 209
119 209
120 209
121 209
122 209
123 209
124 209
125 209
126 209
50 210
51 210
52 210
53 210
54 210
55 210
56 210
57 210
58 210
59 210
60 210
61 210
62 210
63 210
64 210
65 210
66 210
67 210
68 210
69 210
70 210
71 210
72 210
92 210
93 210
94 210
95 210
96 210
97 210
98 210
99 210
100 210
101 210
102 210
103 210
104 210
105 210
106 210
107 210
108 210
109 210
110 210
111 210
112 210
113 210
114 210
115 210
116 210
117 210
118 210
119 210
120 210
121 210
122 210
123 210
124 210
125 210
126 210
127 210
50 211
51 211
52 211
53 211
54 211
55 211
56 211
57 211
58 211
59 211
60 211
61 211
62 211
63 211
64 211
65 211
66 211
67 211
68 211
69 211
70 211
71 211
93 211
94 211
95 211
96 211
97 211
98 211
99 211
100 211
101 211
102 211
103 211
104 211
105 211
106 211
107 211
108 211
109 211
110 211
111 211
112 211
113 211
114 211
115 211
116 211
117 211
118 211
119 211
120 211
121 211
122 211
123 211
124 211
125 211
126 211
127 211
128 211
50 212
51 212
52 212
53 212
54 212
55 212
56 212
57 212
58 212
59 212
60 212
61 212
62 212
63 212
64 212
65 212
66 212
67 212
68 212
69 212
70 212
71 212
94 212
95 212
96 212
97 212
98 212
99 212
100 212
101 212
102 212
103 212
104 212
105 212
106 212
107 212
108 212
109 212
110 212
111 212
112 212
113 212
114 212
115 212
116 212
117 212
118 212
119 212
120 212
121 212
122 212
123 212
124 212
125 212
126 212
127 212
128 212
129 212
130 212
50 213
51 213
52 213
53 213
54 213
55 213
56 213
57 213
58 213
59 213
60 213
61 213
62 213
63 213
64 213
65 213
66 213
67 213
68 213
69 213
70 213
71 213
72 213
94 213
95 213
96 213
97 213
98 213
99 213
100 213
101 213
102 213
103 213
104 213
105 213
106 213
107 213
108 213
109 213
110 213
111 213
112 213
113 213
114 213
115 213
116 213
117 213
118 213
119 213
120 213
121 213
122 213
123 213
124 213
125 213
126 213
127 213
128 213
129 213
130 213
131 213
50 214
51 214
52 214
53 214
54 214
55 214
56 214
57 214
58 214
59 214
60 214
61 214
62 214
63 214
64 214
65 214
66 214
67 214
68 214
69 214
70 214
71 214
72 214
95 214
96 214
97 214
98 214
99 214
100 214
101 214
102 214
103 214
104 214
105 214
106 214
107 214
108 214
109 214
110 214
111 214
112 214
113 214
114 214
115 214
116 214
117 214
118 214
119 214
120 214
121 214
122 214
123 214
124 214
125 214
126 214
127 214
128 214
129 214
130 214
131 214
132 214
49 215
50 215
51 215
52 215
53 215
54 215
55 215
56 215
57 215
58 215
59 215
60 215
61 215
62 215
63 215
64 215
65 215
66 215
67 215
68 215
69 215
70 215
71 215
72 215
96 215
97 215
98 215
99 215
100 215
101 215
102 215
103 215
104 215
105 215
106 215
107 215
108 215
109 215
110 215
111 215
112 215
113 215
114 215
115 215
116 215
117 215
118 215
119 215
120 215
121 215
122 215
123 215
124 215
125 215
126 215
127 215
128 215
129 215
130 215
131 215
132 215
133 215
49 216
50 216
51 216
52 216
53 216
54 216
55 216
56 216
57 216
58 216
59 216
60 216
61 216
62 216
63 216
64 216
65 216
66 216
67 216
68 216
69 216
70 216
71 216
72 216
96 216
97 216
98 216
99 216
100 216
101 216
102 216
103 216
104 216
105 216
106 216
107 216
108 216
109 216
110 216
111 216
112 216
113 216
114 216
115 216
116 216
117 216
118 216
119 216
120 216
121 216
122 216
123 216
124 216
125 216
126 216
127 216
128 216
129 216
130 216
131 216
132 216
133 216
134 216
49 217
50 217
51 217
52 217
53 217
54 217
55 217
56 217
57 217
58 217
59 217
60 217
61 217
62 217
63 217
64 217
65 217
66 217
67 217
68 217
69 217
70 217
71 217
97 217
98 217
99 217
100 217
101 217
102 217
103 217
104 217
105 217
106 217
107 217
108 217
109 217
110 217
111 217
112 217
113 217
114 217
115 217
116 217
117 217
118 217
119 217
120 217
121 217
122 217
123 217
124 217
125 217
126 217
127 217
128 217
129 217
130 217
131 217
132 217
133 217
134 217
135 217
49 218
50 218
51 218
52 218
53 218
54 218
55 218
56 218
57 218
58 218
59 218
60 218
61 218
62 218
63 218
64 218
65 218
66 218
67 218
68 218
69 218
70 218
71 218
72 218
98 218
99 218
100 218
101 218
102 218
103 218
104 218
105 218
106 218
107 218
108 218
109 218
110 218
111 218
112 218
113 218
114 218
115 218
116 218
117 218
118 218
119 218
120 218
121 218
122 218
123 218
124 218
125 218
126 218
127 218
128 218
129 218
130 218
131 218
132 218
133 218
134 218
135 218
136 218
49 219
50 219
51 219
52 219
53 219
54 219
55 219
56 219
57 219
58 219
59 219
60 219
61 219
62 219
63 219
64 219
65 219
66 219
67 219
68 219
69 219
70 219
71 219
72 219
99 219
100 219
101 219
102 219
103 219
104 219
105 219
106 219
107 219
108 219
109 219
110 219
111 219
112 219
113 219
114 219
115 219
116 219
117 219
118 219
119 219
120 219
121 219
122 219
123 219
124 219
125 219
126 219
127 219
128 219
129 219
130 219
131 219
132 219
133 219
134 219
135 219
136 219
137 219
138 219
49 220
50 220
51 220
52 220
53 220
54 220
55 220
56 220
57 220
58 220
59 220
60 220
61 220
62 220
63 220
64 220
65 220
66 220
67 220
68 220
69 220
70 220
71 220
72 220
73 220
99 220
100 220
101 220
102 220
103 220
104 220
105 220
106 220
107 220
108 220
109 220
110 220
111 220
112 220
113 220
114 220
115 220
116 220
117 220
118 220
119 220
120 220
121 220
122 220
123 220
124 220
125 220
126 220
127 220
128 220
129 220
130 220
131 220
132 220
133 220
134 220
135 220
136 220
137 220
138 220
139 220
49 221
50 221
51 221
52 221
53 221
54 221
55 221
56 221
57 221
58 221
59 221
60 221
61 221
62 221
63 221
64 221
65 221
66 221
67 221
68 221
69 221
70 221
71 221
72 221
73 221
100 221
101 221
102 221
103 221
104 221
105 221
106 221
107 221
108 221
109 221
110 221
111 221
112 221
113 221
114 221
115 221
116 221
117 221
118 221
119 221
120 221
121 221
122 221
123 221
124 221
125 221
126 221
127 221
128 221
129 221
130 221
131 221
132 221
133 221
134 221
135 221
136 221
137 221
138 221
139 221
140 221
49 222
50 222
51 222
52 222
53 222
54 222
55 222
56 222
57 222
58 222
59 222
60 222
61 222
62 222
63 222
64 222
65 222
66 222
67 222
68 222
69 222
70 222
71 222
72 222
73 222
101 222
102 222
103 222
104 222
105 222
106 222
107 222
108 222
109 222
110 222
111 222
112 222
113 222
114 222
115 222
116 222
117 222
118 222
119 222
120 222
121 222
122 222
123 222
124 222
125 222
126 222
127 222
128 222
129 222
130 222
131 222
132 222
133 222
134 222
135 222
136 222
137 222
138 222
139 222
140 222
141 222
49 223
50 223
51 223
52 223
53 223
54 223
55 223
56 223
57 223
58 223
59 223
60 223
61 223
62 223
63 223
64 223
65 223
66 223
67 223
68 223
69 223
70 223
71 223
72 223
73 223
102 223
103 223
104 223
105 223
106 223
107 223
108 223
109 223
110 223
111 223
112 223
113 223
114 223
115 223
116 223
117 223
118 223
119 223
120 223
121 223
122 223
123 223
124 223
125 223
126 223
127 223
128 223
129 223
130 223
131 223
132 223
133 223
134 223
135 223
136 223
137 223
138 223
139 223
140 223
141 223
142 223
49 224
50 224
51 224
52 224
53 224
54 224
55 224
56 224
57 224
58 224
59 224
60 224
61 224
62 224
63 224
64 224
65 224
66 224
67 224
68 224
69 224
70 224
71 224
72 224
102 224
103 224
104 224
105 224
106 224
107 224
108 224
109 224
110 224
111 224
112 224
113 224
114 224
115 224
116 224
117 224
118 224
119 224
120 224
121 224
122 224
123 224
124 224
125 224
126 224
127 224
128 224
129 224
130 224
131 224
132 224
133 224
134 224
135 224
136 224
137 224
138 224
139 224
140 224
141 224
142 224
143 224
49 225
50 225
51 225
52 225
53 225
54 225
55 225
56 225
57 225
58 225
59 225
60 225
61 225
62 225
63 225
64 225
65 225
66 225
67 225
68 225
69 225
70 225
71 225
72 225
73 225
103 225
104 225
105 225
106 225
107 225
108 225
109 225
110 225
111 225
112 225
113 225
114 225
115 225
116 225
117 225
118 225
119 225
120 225
121 225
122 225
123 225
124 225
125 225
126 225
127 225
128 225
129 225
130 225
131 225
132 225
133 225
134 225
135 225
136 225
137 225
138 225
139 225
140 225
141 225
142 225
143 225
144 225
145 225
49 226
50 226
51 226
52 226
53 226
54 226
55 226
56 226
57 226
58 226
59 226
60 226
61 226
62 226
63 226
64 226
65 226
66 226
67 226
68 226
69 226
70 226
71 226
72 226
73 226
104 226
105 226
106 226
107 226
108 226
109 226
110 226
111 226
112 226
113 226
114 226
115 226
116 226
117 226
118 226
119 226
120 226
121 226
122 226
123 226
124 226
125 226
126 226
127 226
128 226
129 226
130 226
131 226
132 226
133 226
134 226
135 226
136 226
137 226
138 226
139 226
140 226
141 226
142 226
143 226
144 226
145 226
146 226
49 227
50 227
51 227
52 227
53 227
54 227
55 227
56 227
57 227
58 227
59 227
60 227
61 227
62 227
63 227
64 227
65 227
66 227
67 227
68 227
69 227
70 227
71 227
72 227
73 227
105 227
106 227
107 227
108 227
109 227
110 227
111 227
112 227
113 227
114 227
115 227
116 227
117 227
118 227
119 227
120 227
121 227
122 227
123 227
124 227
125 227
126 227
127 227
128 227
129 227
130 227
131 227
132 227
133 227
134 227
135 227
136 227
137 227
138 227
139 227
140 227
141 227
142 227
143 227
144 227
145 227
146 227
147 227
49 228
50 228
51 228
52 228
53 228
54 228
55 228
56 228
57 228
58 228
59 228
60 228
61 228
62 228
63 228
64 228
65 228
66 228
67 228
68 228
69 228
70 228
71 228
72 228
73 228
105 228
106 228
107 228
108 228
109 228
110 228
111 228
112 228
113 228
114 228
115 228
116 228
117 228
118 228
119 228
120 228
121 228
122 228
123 228
124 228
125 228
126 228
127 228
128 228
129 228
130 228
131 228
132 228
133 228
134 228
135 228
136 228
137 228
138 228
139 228
140 228
141 228
142 228
143 228
144 228
145 228
146 228
147 228
148 228
149 228
49 229
50 229
51 229
52 229
53 229
54 229
55 229
56 229
57 229
58 229
59 229
60 229
61 229
62 229
63 229
64 229
65 229
66 229
67 229
68 229
69 229
70 229
71 229
72 229
73 229
106 229
107 229
108 229
109 229
110 229
111 229
112 229
113 229
114 229
115 229
116 229
117 229
118 229
119 229
120 229
121 229
122 229
123 229
124 229
125 229
126 229
127 229
128 229
129 229
130 229
131 229
132 229
133 229
134 229
135 229
136 229
137 229
138 229
139 229
140 229
141 229
142 229
143 229
144 229
145 229
146 229
147 229
148 229
149 229
150 229
49 230
50 230
51 230
52 230
53 230
54 230
55 230
56 230
57 230
58 230
59 230
60 230
61 230
62 230
63 230
64 230
65 230
66 230
67 230
68 230
69 230
70 230
71 230
72 230
73 230
74 230
107 230
108 230
109 230
110 230
111 230
112 230
113 230
114 230
115 230
116 230
117 230
118 230
119 230
120 230
121 230
122 230
123 230
124 230
125 230
126 230
127 230
128 230
129 230
130 230
131 230
132 230
133 230
134 230
135 230
136 230
137 230
138 230
139 230
140 230
141 230
142 230
143 230
144 230
145 230
146 230
147 230
148 230
149 230
150 230
151 230
49 231
50 231
51 231
52 231
53 231
54 231
55 231
56 231
57 231
58 231
59 231
60 231
61 231
62 231
63 231
64 231
65 231
66 231
67 231
68 231
69 231
70 231
71 231
72 231
73 231
108 231
109 231
110 231
111 231
112 231
113 231
114 231
115 231
116 231
117 231
118 231
119 231
120 231
121 231
122 231
123 231
124 231
125 231
126 231
127 231
128 231
129 231
130 231
131 231
132 231
133 231
134 231
135 231
136 231
137 231
138 231
139 231
140 231
141 231
142 231
143 231
144 231
145 231
146 231
147 231
148 231
149 231
150 231
151 231
152 231
153 231
49 232
50 232
51 232
52 232
53 232
54 232
55 232
56 232
57 232
58 232
59 232
60 232
61 232
62 232
63 232
64 232
65 232
66 232
67 232
68 232
69 232
70 232
71 232
72 232
73 232
74 232
108 232
109 232
110 232
111 232
112 232
113 232
114 232
115 232
116 232
117 232
118 232
119 232
120 232
121 232
122 232
123 232
124 232
125 232
126 232
127 232
128 232
129 232
130 232
131 232
132 232
133 232
134 232
135 232
136 232
137 232
138 232
139 232
140 232
141 232
142 232
143 232
144 232
145 232
146 232
147 232
148 232
149 232
150 232
151 232
152 232
153 232
154 232
155 232
53 233
54 233
55 233
56 233
57 233
58 233
59 233
60 233
61 233
62 233
63 233
64 233
65 233
66 233
67 233
68 233
69 233
70 233
71 233
72 233
73 233
74 233
109 233
110 233
111 233
112 233
113 233
114 233
115 233
116 233
117 233
118 233
119 233
120 233
121 233
122 233
123 233
124 233
125 233
126 233
127 233
128 233
129 233
130 233
131 233
132 233
133 233
134 233
135 233
136 233
137 233
138 233
139 233
140 233
141 233
142 233
143 233
144 233
145 233
146 233
147 233
148 233
149 233
150 233
151 233
152 233
153 233
154 233
155 233
156 233
51 234
52 234
53 234
54 234
55 234
56 234
57 234
58 234
59 234
60 234
61 234
62 234
63 234
64 234
65 234
66 234
67 234
68 234
69 234
70 234
71 234
72 234
73 234
74 234
110 234
111 234
112 234
113 234
114 234
115 234
116 234
117 234
118 234
119 234
120 234
121 234
122 234
123 234
124 234
125 234
126 234
127 234
128 234
129 234
130 234
131 234
132 234
133 234
134 234
135 234
136 234
137 234
138 234
139 234
140 234
141 234
142 234
143 234
144 234
145 234
146 234
147 234
148 234
149 234
150 234
151 234
152 234
153 234
154 234
155 234
156 234
157 234
158 234
47 235
48 235
49 235
50 235
51 235
52 235
53 235
54 235
55 235
56 235
57 235
58 235
59 235
60 235
61 235
62 235
63 235
64 235
65 235
66 235
67 235
68 235
69 235
70 235
71 235
72 235
73 235
74 235
75 235
111 235
112 235
113 235
114 235
115 235
116 235
117 235
118 235
119 235
120 235
121 235
122 235
123 235
124 235
125 235
126 235
127 235
128 235
129 235
130 235
131 235
132 235
133 235
134 235
135 235
136 235
137 235
138 235
139 235
140 235
141 235
142 235
143 235
144 235
145 235
146 235
147 235
148 235
149 235
150 235
151 235
152 235
153 235
154 235
155 235
156 235
157 235
158 235
159 235
45 236
46 236
47 236
48 236
49 236
50 236
51 236
52 236
53 236
54 236
55 236
56 236
57 236
58 236
59 236
60 236
61 236
62 236
63 236
64 236
65 236
66 236
67 236
68 236
69 236
70 236
71 236
72 236
73 236
74 236
75 236
112 236
113 236
114 236
115 236
116 236
117 236
118 236
119 236
120 236
121 236
122 236
123 236
124 236
125 236
126 236
127 236
128 236
129 236
130 236
131 236
132 236
133 236
134 236
135 236
136 236
137 236
138 236
139 236
140 236
141 236
142 236
143 236
144 236
145 236
146 236
147 236
148 236
149 236
150 236
151 236
152 236
153 236
154 236
155 236
156 236
157 236
158 236
159 236
160 236
44 237
45 237
46 237
47 237
48 237
49 237
50 237
51 237
52 237
53 237
54 237
55 237
56 237
57 237
58 237
59 237
60 237
61 237
62 237
63 237
64 237
65 237
66 237
67 237
68 237
69 237
70 237
71 237
72 237
73 237
74 237
75 237
112 237
113 237
114 237
115 237
116 237
117 237
118 237
119 237
120 237
121 237
122 237
123 237
124 237
125 237
126 237
127 237
128 237
129 237
130 237
131 237
132 237
133 237
134 237
135 237
136 237
137 237
138 237
139 237
140 237
141 237
142 237
143 237
144 237
145 237
146 237
147 237
148 237
149 237
150 237
151 237
152 237
153 237
154 237
155 237
156 237
157 237
158 237
159 237
160 237
42 238
43 238
44 238
45 238
46 238
47 238
48 238
49 238
50 238
51 238
52 238
53 238
54 238
55 238
56 238
57 238
58 238
59 238
60 238
61 238
62 238
63 238
64 238
65 238
66 238
67 238
68 238
69 238
70 238
71 238
72 238
73 238
74 238
75 238
113 238
114 238
115 238
116 238
117 238
118 238
119 238
120 238
121 238
122 238
123 238
124 238
125 238
126 238
127 238
128 238
129 238
130 238
131 238
132 238
133 238
134 238
135 238
136 238
137 238
138 238
139 238
140 238
141 238
142 238
143 238
144 238
145 238
146 238
147 238
148 238
149 238
150 238
151 238
152 238
153 238
154 238
155 238
156 238
157 238
158 238
159 238
160 238
161 238
41 239
42 239
43 239
44 239
45 239
46 239
47 239
48 239
49 239
50 239
51 239
52 239
53 239
54 239
55 239
56 239
57 239
58 239
59 239
60 239
61 239
62 239
63 239
64 239
65 239
66 239
67 239
68 239
69 239
70 239
71 239
72 239
73 239
74 239
75 239
114 239
115 239
116 239
117 239
118 239
119 239
120 239
121 239
122 239
123 239
124 239
125 239
126 239
127 239
128 239
129 239
130 239
131 239
132 239
133 239
134 239
135 239
136 239
137 239
138 239
139 239
140 239
141 239
142 239
143 239
144 239
145 239
146 239
147 239
148 239
149 239
150 239
151 239
152 239
153 239
154 239
155 239
156 239
157 239
158 239
159 239
160 239
161 239
41 240
42 240
43 240
44 240
45 240
46 240
47 240
48 240
49 240
50 240
51 240
52 240
53 240
54 240
55 240
56 240
57 240
58 240
59 240
60 240
61 240
62 240
63 240
64 240
65 240
66 240
67 240
68 240
69 240
70 240
71 240
72 240
73 240
74 240
75 240
115 240
116 240
117 240
118 240
119 240
120 240
121 240
122 240
123 240
124 240
125 240
126 240
127 240
128 240
129 240
130 240
131 240
132 240
133 240
134 240
135 240
136 240
137 240
138 240
139 240
140 240
141 240
142 240
143 240
144 240
145 240
146 240
147 240
148 240
149 240
150 240
151 240
152 240
153 240
154 240
155 240
156 240
157 240
158 240
159 240
160 240
161 240
43 241
44 241
45 241
46 241
47 241
48 241
49 241
50 241
51 241
52 241
53 241
54 241
55 241
56 241
57 241
58 241
59 241
60 241
61 241
62 241
63 241
64 241
65 241
66 241
67 241
68 241
69 241
70 241
71 241
72 241
73 241
74 241
115 241
116 241
117 241
118 241
119 241
120 241
121 241
122 241
123 241
124 241
125 241
126 241
127 241
128 241
129 241
130 241
131 241
132 241
133 241
134 241
135 241
136 241
137 241
138 241
139 241
140 241
141 241
142 241
143 241
144 241
145 241
146 241
147 241
148 241
149 241
150 241
151 241
152 241
153 241
154 241
155 241
156 241
157 241
158 241
159 241
160 241
161 241
54 242
55 242
56 242
57 242
58 242
59 242
60 242
61 242
62 242
116 242
117 242
118 242
119 242
120 242
121 242
122 242
123 242
124 242
125 242
126 242
127 242
128 242
129 242
130 242
131 242
132 242
133 242
134 242
135 242
136 242
137 242
138 242
139 242
140 242
141 242
142 242
143 242
144 242
145 242
146 242
147 242
148 242
149 242
150 242
151 242
152 242
153 242
154 242
155 242
156 242
157 242
158 242
159 242
160 242
161 242
57 243
117 243
118 243
119 243
120 243
121 243
122 243
123 243
124 243
125 243
126 243
127 243
128 243
129 243
130 243
131 243
132 243
133 243
134 243
135 243
136 243
137 243
138 243
139 243
140 243
141 243
142 243
143 243
144 243
145 243
146 243
147 243
148 243
149 243
150 243
151 243
152 243
153 243
154 243
155 243
156 243
157 243
158 243
159 243
160 243
117 244
118 244
119 244
120 244
121 244
122 244
123 244
124 244
125 244
126 244
127 244
128 244
129 244
130 244
131 244
132 244
133 244
135 244
136 244
137 244
138 244
139 244
140 244
141 244
142 244
143 244
144 244
145 244
146 244
147 244
148 244
149 244
150 244
151 244
152 244
153 244
154 244
155 244
156 244
157 244
158 244
159 244
160 244
118 245
119 245
120 245
121 245
122 245
123 245
124 245
125 245
126 245
127 245
128 245
129 245
130 245
131 245
136 245
137 245
138 245
139 245
140 245
141 245
142 245
143 245
144 245
145 245
146 245
147 245
148 245
149 245
150 245
151 245
152 245
153 245
154 245
155 245
156 245
157 245
158 245
159 245
119 246
120 246
121 246
122 246
123 246
124 246
125 246
126 246
127 246
128 246
129 246
137 246
138 246
139 246
140 246
141 246
142 246
143 246
144 246
145 246
146 246
147 246
148 246
149 246
150 246
151 246
152 246
153 246
154 246
155 246
156 246
157 246
158 246
120 247
121 247
122 247
123 247
124 247
125 247
126 247
127 247
128 247
137 247
138 247
139 247
140 247
141 247
142 247
143 247
144 247
145 247
146 247
147 247
148 247
149 247
150 247
151 247
152 247
153 247
154 247
155 247
156 247
157 247
120 248
121 248
122 248
123 248
124 248
125 248
126 248
137 248
138 248
139 248
140 248
141 248
142 248
143 248
144 248
145 248
146 248
147 248
148 248
149 248
150 248
151 248
152 248
153 248
154 248
155 248
156 248
121 249
122 249
123 249
124 249
125 249
137 249
138 249
139 249
140 249
141 249
142 249
143 249
144 249
145 249
146 249
147 249
148 249
149 249
150 249
151 249
152 249
153 249
154 249
155 249
122 250
123 250
138 250
139 250
140 250
141 250
142 250
143 250
144 250
145 250
146 250
147 250
148 250
149 250
150 250
151 250
152 250
153 250
154 250
138 251
139 251
140 251
141 251
142 251
143 251
144 251
145 251
146 251
147 251
148 251
149 251
150 251
151 251
152 251
153 251
154 251
138 252
139 252
140 252
141 252
142 252
143 252
144 252
145 252
146 252
147 252
148 252
149 252
150 252
151 252
152 252
153 252
138 253
139 253
140 253
141 253
142 253
143 253
144 253
145 253
146 253
147 253
148 253
149 253
150 253
151 253
152 253
153 253
138 254
139 254
140 254
141 254
142 254
143 254
144 254
145 254
146 254
147 254
148 254
149 254
150 254
151 254
152 254
137 255
138 255
139 255
140 255
141 255
142 255
143 255
144 255
145 255
146 255
147 255
148 255
149 255
150 255
151 255
152 255
136 256
137 256
138 256
139 256
140 256
141 256
142 256
143 256
144 256
145 256
146 256
147 256
148 256
149 256
150 256
151 256
130 257
131 257
132 257
133 257
134 257
135 257
136 257
137 257
138 257
139 257
140 257
141 257
142 257
143 257
144 257
145 257
146 257
147 257
148 257
149 257
150 257
151 257
130 258
131 258
132 258
133 258
134 258
135 258
136 258
137 258
138 258
139 258
140 258
141 258
142 258
143 258
144 258
145 258
146 258
147 258
148 258
149 258
150 258
129 259
130 259
131 259
132 259
133 259
134 259
135 259
136 259
137 259
138 259
139 259
140 259
141 259
142 259
143 259
144 259
145 259
146 259
147 259
148 259
149 259
150 259
129 260
130 260
131 260
132 260
133 260
134 260
135 260
136 260
137 260
138 260
139 260
140 260
141 260
142 260
143 260
144 260
145 260
146 260
147 260
148 260
149 260
130 261
131 261
132 261
133 261
134 261
135 261
136 261
137 261
138 261
139 261
140 261
141 261
142 261
143 261
144 261
145 261
146 261
147 261
148 261
149 261
131 262
132 262
133 262
134 262
135 262
136 262
137 262
138 262
139 262
140 262
141 262
142 262
143 262
144 262
145 262
146 262
147 262
148 262
132 263
133 263
134 263
135 263
136 263
137 263
138 263
139 263
140 263
141 263
142 263
143 263
144 263
145 263
146 263
147 263
148 263
133 264
134 264
135 264
136 264
137 264
138 264
139 264
140 264
141 264
142 264
143 264
144 264
145 264
146 264
147 264
135 265
136 265
137 265
138 265
139 265
140 265
141 265
142 265
143 265
144 265
145 265
146 265
140 266
141 266
142 266
143 266
144 266
